1 2065
1 4771
2 4173
2 8685
3 3164
3 4449
3 8401
4 4415
5 5746
6 1484
6 3487
6 4578
7 1214
7 1873
8 2703
8 9050
8 9187
9 1366
9 1841
9 5334
9 9149
10 4080
10 8299
11 1772
12 3650
13 67
13 924
13 6762
13 7843
14 4493
14 4573
15 3402
15 9509
16 1488
16 2852
16 6435
17 6149
17 7665
18 2728
18 8894
18 9936
19 2176
19 3962
19 6032
19 6694
19 7845
19 8425
20 2032
20 6337
21 7044
21 7398
22 2337
22 9617
23 665
23 6778
24 1261
24 4042
24 5196
24 6154
25 240
25 4229
25 8175
26 4135
26 5357
27 3920
27 5843
28 219
28 2269
28 3066
28 3467
29 3430
29 7314
30 2853
30 4090
30 8881
31 3807
31 7287
32 241
32 5709
33 7233
34 4933
34 6583
34 8938
34 9615
35 780
35 6197
35 7528
36 2743
36 8365
36 8480
37 3283
37 9929
38 5053
38 7340
39 6829
40 887
41 9397
41 9641
42 2699
42 5355
43 8807
44 918
45 8809
45 9426
46 2873
47 6081
47 6165
47 6388
47 7677
48 6242
49 1578
49 3513
50 4867
50 8505
51 785
51 976
51 1009
51 1538
51 8723
52 2038
53 4783
54 3411
55 7755
56 4509
56 7090
56 7203
57 9398
58 9376
59 2298
60 158
60 4600
61 5096
61 5123
61 8350
62 5549
62 8269
63 2352
64 2000
65 1970
65 2567
65 3109
66 3677
66 9617
68 3886
69 2405
70 72
70 623
71 4041
71 7731
73 3140
73 6462
74 1068
74 7647
75 7076
75 7435
76 1561
76 6960
76 7595
77 8264
78 2128
78 4916
78 9575
79 5458
79 5780
80 3869
80 4905
81 2033
81 6575
82 1982
83 5942
83 6759
84 7109
85 1315
85 9219
86 4894
87 895
87 1061
87 8961
88 1298
89 362
90 790
91 4006
91 6539
91 8963
92 5050
92 6804
93 8079
94 776
94 3268
95 2154
96 7465
96 8266
96 8875
97 1544
97 2727
97 4163
98 3151
98 8834
99 2597
99 4885
100 8812
101 3974
102 213
102 5265
102 9854
103 2603
103 8996
104 5053
104 8340
105 1476
105 1825
105 7126
106 6242
106 9664
107 6484
107 8123
107 8244
108 2376
108 2435
108 2970
109 2661
110 2850
111 6073
112 8674
113 4820
114 245
114 2569
114 7173
115 2631
115 9820
116 5958
117 2191
118 7882
119 3769
119 5221
119 5404
120 8583
121 874
122 4687
122 8800
123 3566
124 6189
124 6909
125 1713
125 2158
126 7956
126 9143
127 2018
127 3178
127 5113
128 3178
128 5779
128 5871
129 915
130 8936
131 1184
131 5114
132 6134
133 4300
133 8519
134 4780
135 8605
136 632
137 5171
137 7858
138 2557
138 3957
139 739
139 3257
140 3831
141 7661
142 1330
143 1237
143 1830
143 4848
144 4394
144 8940
145 9837
146 2142
146 2237
147 5914
148 7332
149 7158
150 2698
150 5925
151 440
152 845
152 2706
152 3615
152 4986
152 6106
153 3703
153 9481
153 9691
154 2784
155 8675
156 2976
156 3917
156 4979
156 7253
157 2882
158 9845
159 1447
159 2539
159 6390
160 4717
160 5912
161 1812
162 1730
162 2134
162 5673
163 7852
164 1219
164 2981
165 1374
165 2788
166 572
166 4606
166 5398
166 9932
167 5170
167 8803
168 9757
168 9763
169 2106
169 2932
169 2975
170 2439
170 2468
170 7911
171 2794
171 5280
171 7914
172 2191
172 7598
173 6581
174 3581
174 4602
175 3236
175 7229
175 9786
176 5744
177 2670
177 9612
178 1804
178 4263
179 5870
179 7903
179 9122
180 3413
180 7197
180 7599
181 5368
181 7783
182 3459
182 4628
182 5689
182 5835
183 2880
183 4399
183 8563
184 960
184 1044
184 1278
185 1460
185 2152
185 6661
185 8992
186 1319
186 2845
186 6067
186 7199
187 1031
187 5874
187 9071
188 8035
189 3095
189 4591
190 920
190 7149
191 4390
192 3086
193 819
193 6730
194 625
194 3826
194 7871
195 2054
195 2519
195 7271
195 7976
195 9929
196 2104
196 2434
196 3096
196 7403
197 3456
197 8032
197 8932
198 4789
199 5337
199 8415
199 9051
200 2379
200 4314
200 4512
200 6624
201 1331
202 6779
203 3083
204 1882
204 6464
205 717
205 1993
205 3956
205 7154
206 2877
206 4084
207 3852
207 4165
207 7364
207 8039
208 2740
208 3569
209 548
209 7038
210 259
210 8378
210 8696
211 2545
211 4844
212 8928
212 9224
213 7381
213 8489
214 381
214 3300
214 7004
215 629
215 4186
216 6376
217 1603
217 2512
217 5909
218 1585
219 2889
220 9503
221 2229
221 2687
221 4341
221 5344
222 1823
222 4617
223 5222
224 2738
224 9080
225 245
226 1788
226 6469
226 7503
227 6890
227 9685
228 3576
228 9808
229 3679
229 5421
229 9212
230 4795
231 6028
232 8964
233 950
234 8817
235 6473
236 2649
236 6332
237 1421
238 9196
239 7613
242 815
243 2271
243 5205
243 9292
244 3592
244 6349
244 8435
244 9829
244 9879
245 6436
246 3202
246 7274
246 7625
247 529
247 6184
247 8765
248 1799
248 8848
248 9918
249 8692
249 9174
250 4485
251 2470
251 3005
251 6952
251 8379
251 9127
252 339
252 7234
253 2516
254 1861
254 8064
255 1491
255 8739
256 6381
257 9231
258 3397
258 9240
259 1651
259 3531
260 3000
261 5760
261 6404
261 8375
262 3211
262 8986
263 9570
264 4704
265 4432
265 8384
266 8825
266 9884
267 1078
267 2543
267 8325
267 9300
268 4881
269 1199
269 5083
269 6150
269 9926
270 2970
271 2670
272 4198
273 6543
274 6805
275 601
275 2584
275 6707
276 6866
277 3494
277 4430
278 3291
278 7627
279 633
279 5655
279 5750
280 1253
280 3249
280 9740
281 1147
281 7987
282 3470
282 4186
282 5384
282 5813
283 4859
284 1636
284 3078
284 7730
285 3385
286 1280
286 7072
287 331
287 8863
287 9049
288 1530
288 4809
289 3243
289 4311
290 2841
290 3498
291 481
291 5597
291 6944
292 1738
293 9617
294 2198
294 2910
295 1235
296 9474
297 4283
297 9496
298 1545
298 3773
298 7804
299 3531
300 8953
301 4327
301 5134
302 1233
303 573
303 8586
304 544
305 2829
305 4058
305 4320
305 5031
306 330
306 2233
306 2436
307 4102
307 5138
308 2277
308 3009
308 8887
309 1625
309 2694
309 9520
310 6556
311 6288
312 2145
313 6198
314 2967
314 3064
314 4579
314 8669
315 8268
316 7852
317 1942
317 5855
318 396
318 8841
319 3693
319 8983
320 6785
320 7157
321 7232
322 433
322 5720
323 3881
323 4344
323 9648
324 9582
325 5600
325 9785
326 445
326 5552
326 8847
327 9562
328 8900
329 1996
329 6972
330 1565
331 397
332 398
332 1525
332 1901
332 8153
332 8440
333 7466
333 8786
333 8838
334 7648
334 8501
334 8661
335 3693
335 4179
335 5985
336 3651
336 4735
336 5762
336 7549
337 7855
338 5649
339 3156
340 8362
341 2537
341 9249
342 7566
343 2457
343 9389
344 1449
345 7519
346 4922
346 6348
347 3016
347 5868
348 1853
348 2727
348 4277
349 8506
350 2868
350 7923
351 3245
352 1108
352 7739
353 6018
354 7924
354 8408
355 4146
356 5619
356 7213
357 1807
358 3379
358 4634
358 5671
358 6541
358 7761
359 9920
360 1874
360 7503
361 5422
362 5519
362 5855
363 4983
363 5703
363 9133
363 9915
364 616
365 5669
365 8069
366 1104
367 1003
367 2008
368 522
368 982
368 3514
369 5962
369 7472
370 1570
370 5800
371 7662
372 2102
372 7247
373 5133
373 9627
374 1101
374 2323
374 2606
374 4003
374 4274
375 5807
376 3442
377 1660
377 3161
377 4020
378 4470
378 5796
378 6466
379 6775
380 388
380 3958
381 4336
381 8415
382 733
382 9030
383 713
384 6739
384 6827
385 6929
386 4377
387 2918
388 1592
388 3997
389 7113
389 8774
390 3219
390 3768
390 7379
391 2502
392 979
393 569
393 987
393 7061
394 1270
394 2672
394 9801
395 4878
395 6684
395 7876
395 8067
396 2485
397 1134
399 1354
399 3044
400 7873
401 1757
401 4391
401 6942
402 4175
403 4390
404 1446
404 6669
405 2194
405 9044
406 1852
406 2709
406 9258
407 1748
407 5239
408 1211
408 8201
409 2671
409 6287
410 4128
410 7025
411 2308
411 3270
412 2897
413 2072
413 5269
414 4019
414 9396
415 4618
415 5436
415 7229
415 9506
416 7191
416 8832
417 5491
418 735
418 7363
419 6416
419 9692
420 5042
420 6481
421 8752
422 9375
423 6710
423 9703
424 877
424 9301
425 8669
425 9566
426 6957
426 7563
426 8205
426 9898
427 1657
427 2208
427 2835
427 7975
428 4554
429 4668
429 7659
430 3508
430 4855
431 2202
431 7079
431 7833
432 3617
433 5585
433 7583
434 7066
435 1413
435 1894
435 7757
436 8009
437 958
437 3513
438 2235
438 2812
438 5850
438 8050
439 3561
439 7665
440 3672
441 3493
441 9418
442 8078
443 3391
444 1415
444 9639
445 8711
446 1026
446 3395
446 3634
447 2187
448 3360
448 8180
449 1464
450 4383
450 7306
451 5295
451 8204
452 3388
452 7907
453 949
453 5512
453 6524
453 8463
454 7396
455 1734
455 1897
455 8143
456 1007
456 4737
456 8911
457 7178
457 7290
458 7134
458 8507
459 1968
459 6922
460 9151
460 9179
461 824
462 1340
462 1543
462 7155
462 7308
463 653
464 884
464 4031
464 9747
465 2495
465 8684
466 6512
467 1702
468 4972
468 7116
468 9653
469 4625
469 9766
469 9787
470 491
470 9822
471 1255
471 5403
471 8504
472 2894
472 3209
473 4056
474 6521
474 7350
475 5323
475 7407
475 8366
476 1568
476 2928
477 6605
478 855
478 1372
478 9283
479 1703
479 6917
480 570
480 759
480 7323
480 7611
481 1871
481 9235
482 3046
482 7102
482 9966
483 9961
484 5219
484 6728
485 1666
485 2856
485 8951
486 3506
487 3160
488 2246
489 1160
490 6083
490 9793
491 5739
491 6019
492 2016
492 2051
493 7345
494 3486
494 5183
494 6217
494 7251
495 2267
495 9548
496 4973
497 6572
498 5746
499 8530
500 4119
500 4685
500 5821
501 4456
502 3350
503 3272
503 6010
503 7221
504 9231
505 4073
505 6964
506 3836
507 6712
507 9036
507 9948
508 1462
508 8315
509 1448
509 5578
509 6893
509 8047
510 1798
511 6993
512 2223
512 8517
513 1425
514 9289
515 5182
515 5398
515 8698
515 9126
516 4058
517 1552
518 5444
518 7798
519 2836
519 5307
519 5789
520 2290
520 8200
521 3485
522 9988
523 818
523 7491
524 6782
525 3623
525 3629
526 619
526 9351
527 7863
528 702
529 9846
530 3141
530 7818
531 3393
531 5428
532 5061
533 4330
534 3361
535 1402
535 8058
536 6794
537 4692
538 7744
539 596
540 5117
540 5898
541 1332
542 719
542 7277
543 2170
543 6713
543 8545
544 8185
545 2866
546 764
547 2240
548 4629
549 6086
550 4675
551 4238
551 7012
551 8911
552 8178
553 3072
553 5814
553 7165
554 4862
555 3054
556 5463
557 5421
558 5475
558 9591
559 3420
559 5335
559 6051
559 9711
560 2840
560 8661
561 5302
562 616
562 4581
563 7059
564 2759
565 7594
566 8473
567 5078
568 1376
569 2247
570 779
570 1688
570 4989
571 6210
572 5563
573 7870
573 9893
574 2128
574 2881
574 9294
574 9724
575 1674
575 6493
576 632
576 4613
576 5932
577 1882
577 9792
578 2844
579 1123
579 2298
580 738
580 2600
580 4928
580 7629
581 1205
581 3402
582 7933
582 8952
583 3489
583 7596
584 3172
584 7321
585 2726
586 9114
587 2864
588 2590
588 8068
589 8271
589 8579
590 1016
591 1030
592 2349
592 7125
593 620
593 3883
594 910
594 6023
594 6461
594 6631
595 4474
595 9313
596 8890
597 4547
597 6084
597 6745
597 7129
598 2735
599 2397
599 8726
600 4803
600 7456
600 8975
601 3833
602 7508
602 8406
603 1521
604 2177
604 3980
604 7125
605 5076
605 7807
606 7563
607 2966
607 5919
608 3788
609 3793
609 4973
609 9373
610 9582
611 1880
611 4387
612 970
612 3566
612 3972
612 8873
613 1299
613 6504
613 7184
613 7995
614 7559
615 1318
615 6390
615 9341
616 2243
616 2513
616 2995
616 3951
617 3950
617 9811
618 3909
618 4396
618 9830
619 1018
619 6690
620 1374
620 4216
620 4932
621 8421
621 9632
622 1988
622 3587
622 4382
623 7649
624 5981
624 8904
626 822
626 4106
626 7274
627 4662
627 6732
628 6370
628 8645
628 8739
628 9347
629 2677
629 7051
630 4273
631 5612
632 1705
632 9040
633 6054
633 6207
634 4633
634 6899
635 2332
635 2449
635 6726
636 3460
637 1293
637 4816
638 1799
638 9493
639 1773
639 4439
639 8728
640 2257
640 7582
641 3271
642 1790
642 2774
642 9331
642 9636
643 1230
643 5134
643 9147
644 1016
644 3364
645 7549
646 2477
647 8387
648 2010
648 4559
648 5900
648 6366
648 7076
649 8970
650 803
650 7325
651 5782
651 7562
652 5453
652 9061
653 2128
653 2448
653 3620
654 1796
654 4132
655 6048
656 1724
657 2803
658 5306
659 4318
660 7634
660 9661
661 1629
661 7095
661 9578
662 2449
662 9468
663 1656
663 5920
663 7815
664 4603
664 5192
665 2806
666 3270
666 3513
666 5500
667 8792
668 1457
668 3405
668 5737
668 5845
669 4633
670 5765
671 4010
672 4018
673 1284
673 6274
674 5106
675 3591
675 7366
676 1808
676 2762
677 7207
677 7893
678 1234
678 6490
679 4430
679 8141
679 8505
680 5642
681 8735
682 1312
682 1493
682 5218
683 8811
684 2983
684 7707
685 1809
685 5816
685 8073
686 9525
687 3738
687 7312
688 6953
688 7141
689 9463
690 1478
690 2350
690 7485
691 6975
692 5088
693 4277
694 3859
695 3214
695 7939
696 9209
697 4167
698 2719
699 7556
700 9800
701 1191
701 6274
702 5656
703 3261
703 8197
704 823
704 7198
704 8081
705 5680
706 1564
706 3279
706 3993
707 9399
708 1795
709 6939
710 1019
710 2290
710 3875
710 5329
711 1532
711 4711
711 9317
712 2630
712 3553
712 6867
713 5859
713 7442
714 8342
715 1279
715 6918
716 889
716 8789
717 4438
717 9370
718 1845
718 1940
718 8210
718 8542
719 7721
720 5722
721 9614
722 7166
723 1012
723 7161
723 7561
723 7885
724 3963
724 4832
724 5819
724 9244
724 9648
725 6955
726 2006
726 2227
727 1086
727 1347
727 6572
728 1546
728 4914
729 1831
729 2881
729 5329
729 6222
729 7450
730 5560
730 8271
730 8897
731 1812
732 933
732 3905
732 4310
733 4765
733 9353
734 8783
734 9386
735 8643
736 4390
737 2739
737 3489
738 4709
739 8682
740 3656
740 7785
741 4326
742 3416
743 1563
743 3734
743 5609
743 5970
743 7830
744 2610
744 3185
744 7668
745 2293
746 2117
746 5528
746 6701
747 4571
747 9001
747 9196
748 5033
748 5960
748 7407
748 9987
749 5381
749 7954
749 9350
750 3428
750 3742
750 5169
750 8369
751 1130
751 2544
751 3203
751 7384
752 3880
752 5106
752 5776
753 4551
754 5448
755 3230
755 3468
756 2908
756 3926
757 1161
757 7114
758 797
758 2218
759 9113
760 9520
761 8445
762 7393
762 8946
763 885
763 8518
763 9875
764 3762
764 7251
765 6820
766 6400
766 8883
767 2686
767 5473
768 1281
768 2121
768 5806
768 8584
769 1315
770 1398
770 2250
771 8263
771 9936
772 7031
772 9774
773 5125
773 6716
773 6976
774 1325
774 1363
774 4202
774 7909
775 1066
776 5606
776 6111
777 5245
777 9163
778 3761
778 5039
778 9342
779 5766
779 9934
781 1153
781 8876
782 1055
782 6012
782 7008
782 7449
783 1517
783 6231
784 3611
784 4750
785 8602
786 3909
786 9590
787 5363
787 6498
787 6784
787 9068
788 7328
789 7597
790 2038
791 1418
791 6710
791 7572
791 8294
792 2491
792 4578
793 8667
794 2616
794 2719
794 2950
794 8933
795 2096
795 4464
795 8007
796 2550
796 3822
796 4110
796 4733
797 9869
798 7725
799 1486
799 1821
799 4217
799 8527
800 1988
801 2716
801 7354
802 4849
802 6769
803 6392
803 8103
804 9572
805 9623
806 4677
807 5575
807 7613
808 4250
808 6798
808 7260
808 7431
809 1099
810 965
810 9707
811 1952
811 2589
812 2741
812 4234
813 909
813 6928
814 4749
814 7554
814 8418
815 8629
816 1469
816 6140
817 3229
817 4266
817 6143
817 6685
818 5552
819 8055
820 7568
821 1043
822 1765
823 8003
824 5552
824 7465
825 8671
826 4743
827 4671
827 7509
828 4145
829 2447
830 8409
831 3231
831 4546
832 9159
833 5964
834 2312
834 5037
834 5088
835 1027
835 1441
836 7584
837 7638
838 4935
838 5711
839 1137
840 3550
840 4416
841 945
841 9977
842 9391
843 4583
844 2378
844 8408
846 1358
846 5362
846 5951
846 8712
847 2384
847 3149
847 3347
848 3063
848 5509
848 7837
848 8047
849 3182
849 6022
849 8230
850 4218
851 1117
851 9116
852 2802
852 5676
852 6155
852 7915
853 7409
853 7735
854 2141
855 5876
856 5913
856 8349
857 2214
857 2260
857 7692
857 7770
858 5956
858 6244
859 3331
859 4594
859 6802
859 9495
860 1908
860 7817
861 7153
862 1096
863 3403
863 6040
864 1214
864 5368
864 7993
865 3072
865 7445
866 7917
867 1986
868 4206
868 5063
868 9794
869 3667
869 3922
870 6362
871 3757
871 7353
871 8528
871 9832
872 9153
873 3350
873 3858
874 8562
875 3649
875 8817
876 5101
876 7093
877 2989
877 4354
878 5358
878 6627
878 7963
878 9410
879 5265
880 1843
880 6980
881 5929
881 7581
882 4118
882 8533
883 9249
884 8734
884 9297
886 1169
886 5482
887 7483
888 8899
888 8907
889 3287
890 5128
891 6766
891 7606
892 2064
892 7899
893 2330
893 7805
894 2091
894 6939
894 7260
896 2662
896 3663
896 4714
896 9937
897 4040
897 6423
897 8837
898 1481
899 3812
899 9838
900 1109
900 2941
901 7510
902 3324
902 6824
902 8572
902 9867
903 3853
903 6859
904 9897
905 2421
905 2943
905 9925
906 1745
906 8356
907 9151
908 1391
908 2228
908 9779
910 2792
910 6367
911 1283
912 2234
912 8840
913 5469
913 7487
914 8841
915 2963
916 7532
916 9659
917 6479
917 9683
918 4832
919 1690
919 7707
920 1646
921 4318
921 6341
921 6400
922 5530
922 7342
922 9863
923 1179
923 8944
925 3941
926 2702
926 9325
927 2628
928 5539
928 9399
929 1890
929 4892
929 6891
930 8430
931 3280
931 4116
931 5969
931 7578
932 9388
933 1566
933 3947
933 4729
934 5963
934 6010
934 6268
935 1112
935 4480
935 6941
935 9115
936 2075
936 2490
937 3362
937 5654
937 9449
938 2326
938 4497
938 8958
939 6114
940 2859
940 8856
941 7957
942 1063
942 3587
943 5364
943 9194
944 5186
944 5706
944 6639
944 9574
945 7377
945 9799
946 2873
947 4180
947 5602
947 6285
947 6717
948 7459
949 1795
950 5999
951 8611
952 3570
952 4347
952 4908
952 9303
953 1362
954 5558
954 8197
954 8457
955 5461
955 7396
955 9395
956 4158
957 2611
959 4793
959 5168
960 2376
961 3189
961 7201
961 9766
962 3817
962 9081
963 3118
963 8891
964 2679
964 6846
964 8376
965 8087
966 8825
967 3029
967 4781
967 8934
967 9505
968 1163
969 4080
970 3832
971 4211
971 4991
972 1934
973 6097
974 5706
974 8049
975 3978
975 6658
975 7840
977 4237
977 5924
978 4838
979 5689
979 7789
980 6507
981 1543
981 6007
982 5698
982 6702
982 7981
983 6421
983 9561
984 8627
985 1652
985 8467
986 5989
986 6088
987 4408
987 6320
988 1906
988 2946
989 3718
989 5310
990 4013
991 5156
991 7658
992 3916
993 9232
994 3766
994 8679
994 9292
995 3836
996 4574
996 5660
996 9284
997 2983
997 5155
998 1671
998 3471
998 4324
998 5091
998 9169
999 5262
1000 1918
1001 4214
1002 1243
1004 4941
1004 5662
1004 9798
1004 9946
1005 1359
1005 5356
1006 9173
1006 9541
1007 1157
1008 2414
1008 2736
1008 5495
1009 2352
1009 7536
1010 4885
1010 6790
1010 8778
1011 3485
1011 3814
1013 7996
1014 9558
1015 3850
1015 5135
1015 9091
1016 5482
1017 4532
1018 1766
1019 6075
1020 1969
1020 2836
1020 6558
1021 2138
1022 6489
1023 1224
1023 2086
1023 4797
1023 8134
1024 5356
1025 6709
1025 7778
1026 6455
1028 3158
1028 6698
1029 8566
1029 9456
1030 7803
1031 1917
1032 3412
1032 7811
1032 7955
1032 9901
1033 4359
1034 5602
1035 1828
1035 2117
1036 7900
1037 5122
1038 3265
1038 3464
1039 1292
1039 1771
1039 3198
1039 4887
1040 6683
1040 7517
1040 9730
1041 2806
1041 2822
1041 3944
1042 6910
1043 5525
1043 9958
1045 2870
1046 4390
1046 4899
1047 7854
1048 6312
1048 8904
1049 2446
1049 2528
1050 6249
1051 3686
1051 7444
1051 8576
1052 2920
1052 3298
1052 6571
1053 4028
1053 4567
1053 7875
1054 1578
1056 3165
1056 8332
1056 9274
1057 7762
1057 9911
1058 1405
1058 2184
1058 2422
1058 2463
1058 3678
1058 4172
1058 9004
1059 3755
1060 9325
1061 5730
1061 6991
1061 9332
1062 1459
1062 5537
1062 7879
1062 8148
1064 3879
1065 1869
1065 2640
1066 6955
1067 3145
1067 9098
1068 1611
1068 6251
1068 9450
1069 3227
1069 3827
1069 4386
1070 4269
1070 6230
1071 4841
1071 5128
1071 5724
1072 2716
1072 6036
1073 7869
1073 8266
1074 6952
1075 8131
1075 8173
1076 8257
1077 9479
1079 3360
1080 3171
1081 3255
1081 4517
1081 4563
1082 7557
1082 9898
1083 2590
1083 4808
1083 8447
1084 6883
1084 8467
1085 1958
1085 4085
1085 7567
1085 8503
1086 5627
1086 7626
1086 8933
1087 1180
1088 2827
1088 9896
1089 8685
1090 8627
1091 4744
1091 9928
1091 9968
1092 1807
1092 4392
1093 3469
1093 9635
1094 1271
1094 1978
1094 3139
1095 8163
1096 5807
1097 6162
1097 8830
1098 3544
1098 6737
1098 9121
1099 4612
1099 6703
1099 9646
1100 3840
1102 6034
1102 9476
1103 6093
1103 7244
1104 8540
1105 7053
1106 6519
1106 7365
1107 2444
1108 6610
1108 8386
1108 9825
1110 4844
1110 6308
1110 9989
1111 4879
1111 6728
1113 5935
1113 7298
1113 7700
1114 1325
1114 1393
1114 5229
1114 8694
1115 2783
1115 5286
1115 9263
1116 1233
1117 4009
1117 8403
1118 6536
1119 3024
1119 3573
1120 1440
1120 5754
1120 8553
1121 1891
1121 1919
1122 7777
1124 6414
1124 6882
1125 5145
1126 1413
1126 5453
1126 7374
1126 9360
1127 5215
1127 9333
1128 9226
1129 5623
1130 2510
1130 7802
1131 1929
1131 3772
1131 6006
1132 1350
1132 7576
1132 9601
1133 2865
1133 5693
1134 7332
1135 1648
1135 5221
1136 5827
1137 6764
1138 4801
1138 5001
1139 4644
1140 3663
1140 3925
1140 7088
1140 8424
1141 8154
1142 8314
1143 6568
1144 3724
1144 7531
1145 1345
1145 4174
1145 8142
1146 2416
1146 9232
1146 9712
1147 1475
1147 3603
1147 8444
1148 7212
1148 7558
1148 9487
1149 6352
1149 8432
1150 3092
1150 3696
1150 6269
1151 9590
1151 9680
1152 8899
1152 9060
1153 6383
1153 9983
1154 4547
1154 7217
1154 9872
1155 4606
1156 5896
1157 4830
1158 6629
1159 9768
1160 8635
1161 7592
1162 7111
1162 8927
1163 7379
1163 8812
1164 3849
1165 2058
1165 7307
1166 2074
1167 8609
1168 4367
1169 9850
1170 2308
1170 2554
1171 3201
1171 3311
1172 8468
1173 7099
1174 2924
1175 6756
1175 8813
1176 7781
1177 4468
1177 5890
1177 9047
1178 3581
1179 3574
1179 4001
1179 4830
1180 5390
1181 3550
1181 4273
1181 5808
1182 4680
1183 8169
1183 9114
1184 1271
1185 2871
1185 9975
1186 4483
1186 4556
1187 3346
1188 6906
1189 1913
1190 2880
1190 3790
1190 7498
1192 9157
1193 8263
1193 8269
1194 4228
1194 9676
1195 3664
1195 7156
1196 6515
1197 6701
1198 2347
1199 2816
1199 3318
1199 5139
1199 6494
1200 9875
1201 6615
1201 9170
1202 3781
1202 4878
1203 2829
1203 8821
1204 7990
1204 8342
1205 3093
1205 4521
1206 1703
1206 8387
1207 2080
1207 9388
1208 3999
1208 9947
1209 4859
1209 5652
1210 6234
1211 7939
1212 9546
1213 3458
1214 2742
1214 7669
1215 7204
1216 6713
1216 9438
1217 2267
1217 9057
1218 1719
1218 5777
1219 2962
1219 3161
1220 2791
1220 4371
1220 4902
1221 6912
1222 2293
1223 5038
1223 8535
1225 1269
1225 1440
1225 4080
1226 9603
1227 5708
1227 7139
1228 1964
1228 2055
1228 2972
1228 6206
1228 8288
1229 2719
1231 4428
1231 6929
1232 3608
1232 5452
1232 6609
1233 4818
1233 5573
1233 7394
1233 9092
1234 2758
1234 6948
1234 7064
1234 8521
1235 1773
1235 8755
1236 5892
1237 1402
1237 7027
1238 7642
1238 9330
1239 1244
1239 4078
1240 2171
1240 2284
1241 1951
1241 5577
1242 4785
1243 3675
1244 7225
1245 5735
1245 7336
1246 1945
1246 4022
1246 5367
1246 5981
1247 7427
1247 8067
1248 4076
1249 4121
1249 6675
1250 4142
1251 8358
1251 9587
1251 9824
1252 4620
1252 4762
1253 8282
1254 3540
1254 6173
1255 3689
1255 6561
1255 9651
1256 2039
1256 5213
1257 7874
1258 2187
1258 7657
1259 8193
1260 1377
1260 2307
1261 5503
1262 5641
1262 7500
1263 3321
1263 7548
1263 7779
1264 4998
1264 5980
1264 7344
1265 2653
1265 4970
1266 3204
1266 7798
1267 9326
1268 2857
1270 2458
1270 3454
1270 5132
1271 2251
1272 4841
1272 5220
1272 6062
1273 8197
1274 5937
1275 2733
1275 4597
1276 2374
1276 8534
1277 1789
1277 4259
1277 8768
1278 7214
1279 6922
1280 1419
1280 2821
1282 4845
1283 5965
1283 6439
1285 6764
1286 2193
1287 1464
1287 2257
1287 9418
1288 9087
1289 9249
1289 9656
1290 5993
1290 8061
1291 8922
1291 9652
1294 8817
1295 3867
1295 6120
1296 7574
1297 5343
1298 5630
1299 8097
1300 1879
1300 3635
1300 5024
1300 7021
1301 5119
1301 6416
1301 6464
1301 6943
1302 7647
1302 8617
1303 9657
1304 8863
1305 4108
1305 4633
1305 6078
1306 2291
1306 9253
1307 2214
1307 9813
1308 1655
1309 2700
1309 6775
1309 7250
1309 7645
1310 7861
1311 6530
1311 6958
1313 7508
1314 9015
1314 9858
1316 4298
1317 4886
1318 9421
1319 4378
1320 1593
1320 1755
1320 2014
1320 5837
1320 9536
1320 9904
1321 5443
1321 8263
1322 2588
1323 6502
1324 3380
1324 5317
1325 4871
1325 6505
1326 7403
1327 8962
1328 1526
1329 6489
1330 2893
1330 7281
1331 2352
1331 5157
1332 6670
1332 6792
1333 6187
1333 8483
1334 9957
1335 3054
1335 3665
1336 2966
1337 3190
1337 4394
1338 2305
1338 2311
1339 5446
1339 6340
1339 7632
1339 9291
1340 3771
1340 5036
1341 3344
1341 9797
1342 8413
1342 9370
1343 1726
1343 5364
1343 5778
1344 1543
1345 6218
1346 7361
1347 2141
1348 3114
1348 7663
1348 9326
1349 2534
1349 4584
1350 1582
1351 5170
1352 2403
1353 7652
1353 8871
1354 3258
1354 5124
1355 2748
1355 9784
1356 6062
1356 7128
1357 4110
1358 7919
1359 1839
1360 1963
1360 6809
1360 9562
1361 3750
1361 7476
1362 3051
1362 4848
1362 8131
1364 5373
1364 6013
1365 1936
1366 3218
1367 7548
1368 8230
1369 2727
1369 9315
1370 9428
1371 4582
1372 9137
1373 6764
1375 8441
1376 1930
1376 4458
1377 3908
1378 8922
1379 5416
1380 7780
1380 8833
1380 9434
1381 2581
1381 9906
1382 2877
1382 5274
1383 3877
1383 5975
1384 9181
1385 3143
1385 4301
1385 7323
1386 6960
1387 6985
1388 5826
1388 9599
1388 9682
1389 6880
1389 8610
1390 4156
1390 4978
1391 5048
1391 9479
1392 3032
1392 4496
1394 3784
1395 5104
1395 6375
1395 6516
1396 3130
1396 4312
1397 1938
1398 3090
1399 7427
1400 3288
1400 5339
1401 6182
1403 7447
1403 9369
1404 1585
1404 3884
1406 5977
1407 1501
1407 7607
1408 4296
1408 5505
1408 9810
1409 6016
1409 8550
1410 9768
1411 7010
1411 8019
1412 5555
1412 6566
1414 6130
1414 8756
1415 2136
1416 2242
1416 8958
1417 4458
1419 4157
1419 6933
1420 5160
1420 5918
1420 9296
1421 1536
1421 4117
1421 6766
1422 3032
1422 6405
1422 7621
1423 1924
1424 6205
1425 2906
1426 6228
1426 9823
1427 5062
1427 6609
1428 1641
1428 7202
1428 7753
1429 4088
1429 5704
1429 6616
1430 8320
1431 2035
1431 5503
1431 9750
1432 1621
1432 9810
1433 2411
1433 6895
1434 3322
1434 7352
1435 4234
1435 7296
1436 1697
1436 6553
1437 7621
1438 9163
1439 3764
1439 5717
1441 2768
1441 3985
1442 8885
1443 3045
1443 6529
1443 8860
1444 8767
1444 9800
1445 8858
1446 3167
1446 9327
1447 7190
1447 9910
1448 6155
1449 6777
1450 4783
1451 7048
1452 2097
1452 2952
1452 4229
1453 1976
1453 2752
1454 3746
1454 4574
1455 2723
1455 8466
1456 3168
1457 1658
1457 3546
1457 6035
1457 7267
1458 8936
1459 6592
1460 6622
1460 8306
1461 2748
1463 1823
1464 2671
1464 9811
1465 6502
1465 9521
1466 9799
1467 6452
1467 8885
1468 6260
1469 4166
1469 5664
1469 8181
1470 3987
1471 7637
1472 6743
1473 4332
1473 8596
1474 1984
1476 3290
1476 4933
1477 9369
1479 7430
1480 4062
1480 9106
1481 4273
1481 4412
1481 7192
1481 7815
1482 8281
1482 9638
1483 8861
1484 3376
1484 5777
1485 6408
1485 8247
1486 4654
1486 9077
1487 1527
1487 2061
1489 4528
1490 6492
1491 2292
1492 2408
1492 4343
1493 5467
1493 7589
1494 2249
1495 4025
1495 6638
1496 7843
1497 2611
1497 8741
1498 2965
1498 5725
1498 9112
1499 8647
1499 9102
1500 1729
1500 3466
1500 3691
1500 8076
1501 8709
1502 3725
1502 7937
1502 8664
1503 4651
1503 8897
1504 9584
1505 9569
1506 8678
1507 7316
1508 1825
1508 2986
1508 3224
1509 3707
1509 6769
1509 9252
1510 7499
1511 3374
1511 3597
1512 2698
1512 3797
1513 3780
1513 9880
1514 8929
1515 9561
1516 4331
1517 5006
1517 5014
1518 3538
1518 8346
1519 8960
1519 9939
1520 1791
1520 4967
1520 7121
1521 7055
1521 8526
1522 8079
1522 9212
1523 9057
1524 2239
1524 3939
1525 8551
1526 4227
1527 8886
1528 4461
1528 6664
1528 7932
1528 8533
1529 1969
1530 2369
1531 1577
1531 8453
1532 5578
1533 6071
1534 2833
1534 3555
1535 9240
1536 8205
1536 9043
1537 4646
1537 6731
1537 7000
1538 2391
1539 6349
1540 4712
1540 9197
1541 1846
1542 3453
1542 5973
1543 4363
1543 5631
1544 3101
1547 7459
1547 8042
1548 9111
1549 3845
1549 4344
1549 5806
1550 2071
1550 7681
1550 9720
1550 9748
1551 6042
1551 7859
1551 8287
1552 6787
1553 1763
1553 5914
1554 8446
1555 9705
1556 3786
1556 9415
1557 2172
1557 7962
1558 7107
1558 8095
1559 3759
1560 1775
1560 3864
1560 8640
1562 3968
1562 6234
1562 9147
1564 4146
1564 7298
1567 2307
1567 4880
1567 6892
1567 7219
1567 7982
1568 4131
1569 3694
1570 2019
1570 4696
1570 5939
1571 4453
1571 7053
1572 4537
1572 8335
1573 2086
1573 6544
1573 8174
1574 2409
1575 3138
1575 9807
1576 4917
1576 5102
1576 9825
1577 3818
1577 4451
1579 7704
1580 7854
1581 4411
1581 6120
1581 6536
1581 8314
1582 7304
1582 8678
1582 9960
1583 2158
1584 8918
1585 6178
1586 3670
1586 9323
1587 6823
1587 9600
1588 2829
1589 6579
1590 5744
1591 5645
1594 3823
1594 4223
1595 2994
1595 7431
1596 3448
1597 2489
1598 9044
1599 4275
1599 4384
1599 6575
1599 7365
1599 9650
1600 9237
1601 3798
1601 6597
1601 9361
1602 1665
1602 3994
1602 8161
1604 9682
1605 4376
1606 7234
1607 5886
1607 6457
1608 4744
1609 6007
1610 5283
1611 7350
1612 2285
1612 4820
1612 5384
1612 7589
1612 9260
1613 4499
1613 5399
1613 6931
1614 6906
1614 7690
1614 8538
1615 5765
1615 8954
1616 4253
1616 6009
1617 3573
1618 2848
1618 8657
1619 5156
1619 6348
1620 1798
1620 4071
1620 6523
1620 9176
1621 4742
1621 10000
1622 6918
1622 9854
1623 8220
1624 2379
1624 9243
1626 3835
1627 3516
1627 7583
1628 2218
1628 3146
1628 3890
1628 5439
1628 9433
1629 4369
1629 7419
1630 4888
1630 7162
1630 8855
1631 9545
1632 3392
1632 6529
1632 8988
1632 9557
1633 2695
1633 5249
1633 5674
1634 2250
1635 1689
1635 1732
1635 2425
1635 5640
1635 8862
1636 2832
1636 6131
1636 8998
1637 4840
1638 7166
1638 9916
1639 2586
1639 4689
1640 3115
1640 4586
1641 3902
1642 2784
1642 3252
1643 3325
1643 7114
1644 3318
1645 7319
1645 8402
1646 3150
1647 2922
1649 8764
1650 7927
1651 4122
1651 8481
1651 8914
1652 5319
1653 3519
1653 5377
1653 6254
1654 1833
1655 4828
1656 3174
1656 3490
1656 6936
1659 5983
1660 2059
1660 6290
1661 4122
1662 4660
1662 5125
1663 7541
1663 7701
1664 2152
1664 8980
1666 8078
1667 3897
1667 4936
1667 9976
1668 3408
1669 6184
1669 9706
1670 2703
1670 8623
1671 6793
1671 9373
1672 6338
1673 6879
1673 8519
1674 8501
1675 6542
1676 3523
1676 4504
1677 1711
1677 5245
1677 9400
1678 4210
1679 2179
1679 7778
1680 6435
1680 8358
1681 6660
1682 3708
1682 8792
1683 5183
1683 6769
1683 9953
1684 7090
1685 1689
1686 5185
1687 2000
1688 2890
1689 3870
1690 8275
1691 8269
1692 1709
1693 4795
1693 5065
1693 9705
1694 5056
1694 9567
1695 2083
1696 3084
1698 4614
1698 5613
1699 4121
1700 3898
1701 6394
1701 9047
1702 8060
1704 7070
1706 3849
1706 5026
1706 6150
1706 7451
1707 6866
1708 2763
1709 8026
1710 3545
1710 4156
1711 3170
1712 6009
1712 6431
1712 7622
1713 2099
1713 2847
1713 4392
1713 7736
1714 6033
1714 9118
1715 1875
1715 5002
1716 4914
1716 7551
1717 6526
1718 4383
1718 5372
1719 4459
1720 2954
1720 7844
1721 3619
1721 4082
1722 4540
1722 4906
1723 4488
1723 8140
1724 2047
1725 4501
1725 5632
1727 8178
1728 2825
1728 4001
1730 8472
1731 1892
1731 3561
1731 7062
1731 7200
1733 2310
1733 9339
1734 6768
1735 7363
1736 5196
1737 2184
1738 7097
1738 7349
1739 3879
1739 8733
1740 9935
1741 2919
1741 6870
1742 2122
1742 4480
1742 5494
1743 4568
1743 9482
1744 4457
1744 5576
1744 7584
1745 6347
1746 2744
1746 6125
1746 9970
1747 3459
1747 3492
1748 3442
1748 5540
1748 5887
1748 9085
1749 5195
1749 5582
1750 7895
1751 4024
1751 5721
1752 4395
1752 7387
1753 4287
1754 4115
1754 5808
1755 7048
1756 2808
1757 6196
1758 5309
1758 5439
1758 6039
1759 7770
1760 2640
1761 7565
1762 2001
1764 2386
1764 5047
1766 1800
1767 5236
1768 4919
1769 8472
1769 8925
1770 7023
1771 9897
1772 7673
1772 8819
1774 5993
1774 6598
1776 1845
1776 3865
1777 2066
1777 6205
1777 8396
1778 8252
1779 2622
1779 6845
1780 4383
1780 4977
1781 4931
1781 8432
1782 4351
1782 7871
1783 2154
1783 6641
1784 6646
1785 3403
1785 8722
1786 6058
1786 9318
1787 3989
1787 5561
1788 9553
1790 3309
1790 4965
1790 6085
1790 9263
1791 2776
1791 8125
1792 3518
1792 4599
1792 8100
1792 9886
1793 3221
1793 6449
1793 9339
1794 1813
1794 7568
1795 4464
1795 8164
1797 6934
1799 3330
1800 1889
1800 6763
1801 6152
1802 2676
1803 2705
1804 5719
1805 7195
1806 2027
1806 7422
1807 4890
1807 9071
1808 7383
1809 2908
1810 6569
1810 9566
1811 6911
1811 9535
1812 4573
1812 9862
1814 2773
1815 2747
1815 5174
1815 6497
1816 5336
1816 7533
1816 8748
1817 2824
1817 5223
1817 7592
1818 2668
1819 2996
1819 4904
1819 6324
1820 5009
1820 9293
1822 6257
1822 6961
1823 5591
1823 9718
1824 2987
1824 8380
1825 2595
1825 4723
1826 7453
1826 8348
1826 9254
1827 3988
1828 2190
1829 2172
1829 2211
1831 2357
1831 7178
1832 4329
1833 3674
1833 3851
1834 8979
1835 1927
1836 4496
1837 8017
1837 9646
1838 9800
1840 2530
1841 6279
1841 7520
1842 4298
1842 9598
1843 4798
1843 5947
1844 6135
1844 8855
1845 4476
1845 5398
1845 9140
1846 5915
1846 7826
1847 2471
1848 6757
1848 9774
1849 9144
1850 7342
1851 7910
1851 9823
1852 6736
1852 6986
1852 7347
1852 9206
1853 6198
1854 2037
1854 6994
1855 7681
1856 8507
1857 2739
1857 9989
1858 6338
1859 3773
1860 7378
1861 3071
1861 6381
1862 2171
1862 8361
1863 2549
1863 6587
1863 8873
1863 9268
1864 8760
1865 4466
1866 4693
1866 9282
1867 2770
1868 9088
1869 5126
1870 4624
1870 8300
1871 8258
1872 5070
1873 1900
1873 7082
1873 7993
1874 8844
1875 9143
1876 6328
1876 9321
1877 3720
1877 8745
1877 9625
1878 7192
1879 2263
1879 2501
1880 2470
1880 8589
1881 7814
1883 5634
1883 5844
1883 7619
1884 7829
1884 8198
1885 6646
1885 7426
1885 8702
1886 4026
1886 5146
1887 6328
1888 6107
1889 2100
1889 8458
1891 4623
1892 8761
1892 9588
1893 2380
1895 2168
1895 2560
1896 2925
1897 3539
1898 4567
1898 6040
1899 2538
1899 6283
1899 8965
1901 2136
1901 7958
1902 2653
1903 1923
1903 7963
1903 9356
1904 6828
1904 9896
1905 2140
1905 4436
1906 6955
1906 7251
1907 7827
1908 2801
1908 9195
1909 6721
1910 2439
1910 8639
1911 2633
1911 5252
1911 6369
1911 8051
1912 4555
1912 5989
1912 7002
1913 2355
1913 2891
1913 7724
1914 3462
1914 6718
1915 8131
1916 2968
1916 4769
1918 8072
1919 8752
1920 2539
1920 2714
1920 8399
1921 3181
1921 8188
1922 5103
1922 5308
1924 2173
1924 2368
1924 3971
1925 2906
1926 6227
1927 7261
1927 7984
1928 2456
1928 4975
1930 7600
1931 8966
1932 6475
1932 7239
1933 9977
1934 3393
1935 7620
1936 5100
1936 8235
1937 3121
1937 3132
1937 4036
1938 3572
1938 7914
1939 7509
1939 7873
1941 7897
1942 7737
1943 6113
1944 3841
1944 4572
1944 6311
1944 8189
1945 4606
1946 3406
1946 4975
1947 2064
1947 2735
1947 7889
1947 8364
1948 2721
1948 5013
1948 5619
1948 6894
1949 2193
1949 5222
1949 9804
1950 2135
1950 5566
1951 7023
1951 8729
1952 5936
1953 5399
1954 6266
1954 7074
1954 9596
1955 5199
1955 5842
1956 3604
1957 2140
1958 2039
1959 4401
1959 4619
1960 8028
1960 9984
1961 2483
1961 6174
1961 7223
1961 8599
1962 5089
1962 7310
1963 8615
1964 6628
1964 7712
1965 3719
1966 2292
1967 3431
1967 4245
1967 7990
1971 3038
1972 8958
1973 9297
1974 6052
1974 7164
1974 9833
1975 2248
1975 8319
1976 6101
1976 6674
1976 9837
1977 4831
1979 4578
1980 4806
1980 9461
1981 4816
1981 6311
1981 7603
1982 5600
1982 8062
1983 6767
1984 5082
1984 6743
1985 2441
1985 8209
1986 4771
1986 6437
1986 8881
1987 8370
1988 2504
1988 4359
1988 7870
1989 4837
1989 5345
1989 6662
1989 8221
1990 5126
1990 7206
1991 9537
1992 3687
1993 7636
1994 9475
1995 6282
1997 2188
1998 3776
1998 4281
1998 9064
1998 9144
1999 5041
1999 7160
2000 9094
2001 7956
2002 7872
2003 2345
2003 4523
2004 2019
2004 8633
2005 4407
2005 4825
2005 8766
2006 6193
2006 7024
2006 9624
2007 5231
2007 9046
2008 4616
2009 5316
2010 6147
2011 2410
2011 4752
2012 4592
2013 2899
2013 9319
2014 3741
2015 3437
2015 6713
2016 8342
2017 9438
2019 5294
2020 3867
2021 8923
2022 4045
2023 9818
2024 3852
2024 6231
2024 8374
2025 2174
2025 4310
2025 5572
2025 5652
2026 4151
2028 5447
2028 6339
2029 3624
2029 5885
2030 4915
2031 4839
2032 4568
2033 7503
2034 3436
2035 9307
2036 3211
2037 4054
2038 8328
2039 4073
2039 4195
2039 9725
2040 3099
2040 5072
2040 8716
2041 3811
2041 9002
2041 9210
2042 5732
2042 7058
2043 8747
2044 2338
2044 7740
2044 8831
2045 9515
2046 3367
2046 5614
2047 7984
2048 7172
2049 4938
2050 2653
2050 3059
2050 4007
2052 7643
2053 4572
2053 5939
2053 6857
2053 7158
2053 9967
2054 4325
2054 8809
2055 5419
2056 2511
2056 6612
2057 2342
2057 3876
2058 8680
2059 3712
2060 3657
2060 6263
2060 6765
2060 9800
2062 6376
2062 7496
2063 2196
2064 8270
2065 8128
2065 8683
2066 2135
2067 2229
2068 3125
2068 9583
2069 9726
2070 7133
2071 4788
2072 9752
2072 9782
2073 2217
2073 6092
2074 4644
2075 8522
2076 6590
2076 8434
2077 8951
2078 3757
2079 8697
2080 2775
2080 6203
2081 5550
2082 2291
2082 3537
2083 7228
2084 2874
2085 3845
2086 3849
2087 2629
2087 2956
2088 4609
2088 4753
2088 6090
2089 4803
2089 8776
2090 2664
2090 7702
2091 9164
2092 2893
2093 6509
2093 6579
2094 2954
2094 8033
2094 9512
2095 3892
2095 4672
2097 5892
2097 6089
2097 7919
2098 4997
2098 6817
2099 2875
2099 3231
2099 3278
2100 3417
2101 7991
2101 8426
2102 9671
2103 9273
2104 4181
2104 4495
2104 4679
2104 4772
2104 9080
2105 4850
2107 7560
2107 8524
2108 7166
2109 4745
2110 7194
2110 8133
2111 6629
2111 9983
2112 3510
2112 4331
2113 4871
2114 2618
2114 2832
2115 2604
2115 3937
2115 4288
2115 6299
2115 9620
2116 4430
2116 5324
2116 7942
2117 6982
2118 4731
2119 5922
2120 9027
2121 4705
2121 7747
2121 9749
2122 6783
2123 7471
2124 6194
2124 6437
2124 9285
2124 9686
2125 8285
2125 8936
2126 9554
2127 7544
2127 8868
2128 4996
2128 9046
2128 9987
2129 6708
2129 7345
2130 2725
2130 5943
2130 9430
2131 5187
2131 7101
2132 7587
2133 3072
2133 7619
2133 8952
2134 6934
2135 4617
2135 6365
2135 9138
2136 5456
2137 3383
2137 5761
2138 5040
2138 6394
2139 4780
2139 8111
2140 4056
2140 5001
2141 3455
2141 4284
2141 5818
2141 8080
2142 8442
2143 3867
2144 7023
2145 3903
2146 5120
2146 9718
2147 8433
2148 8033
2149 3970
2149 8182
2150 5622
2150 8645
2151 8120
2152 5373
2153 8742
2154 4219
2154 5210
2154 7298
2155 8834
2156 3060
2156 9289
2157 7372
2157 8388
2157 9440
2158 5770
2159 4472
2159 6213
2159 7437
2160 5045
2160 8947
2161 3999
2161 4903
2161 9639
2162 6844
2163 3127
2163 3157
2163 4997
2163 6825
2164 9146
2165 5976
2166 3425
2167 3299
2167 6257
2168 6356
2169 8159
2170 3439
2170 9385
2174 6680
2175 6684
2176 2982
2176 4525
2177 2805
2178 4222
2180 6999
2181 8762
2182 6201
2182 7451
2182 9453
2183 4074
2183 4109
2184 7637
2185 6034
2186 7985
2187 2567
2187 3653
2188 3531
2188 4682
2188 4774
2189 4881
2189 5959
2191 2380
2192 5242
2192 5508
2192 9573
2193 7370
2193 7898
2193 9175
2194 3452
2194 6920
2195 6770
2196 5463
2196 9486
2197 4436
2199 5278
2199 8278
2199 9713
2200 3599
2201 9086
2202 6346
2202 9016
2203 3358
2203 3784
2204 3131
2204 6033
2205 6427
2205 8386
2206 8253
2207 3337
2207 5295
2208 9292
2209 7157
2209 8216
2210 4488
2210 6862
2212 9823
2213 6738
2213 7361
2213 7886
2214 7819
2214 8253
2215 3681
2215 4952
2215 8193
2216 3311
2218 9205
2219 9440
2220 2375
2221 3589
2221 7212
2222 3588
2222 8190
2224 8988
2225 7648
2226 6244
2226 7765
2227 4847
2229 4170
2230 3523
2231 7096
2232 4862
2233 6502
2234 3070
2234 7951
2235 5570
2236 5503
2237 2469
2237 5427
2238 3063
2238 3144
2240 2540
2240 4971
2241 2659
2243 6556
2244 3639
2244 5209
2245 8715
2245 8852
2246 8606
2248 6126
2249 7421
2249 7740
2250 7007
2250 7371
2250 9558
2251 2724
2251 6791
2252 5042
2253 3465
2253 4443
2253 4652
2254 7597
2254 8049
2255 9658
2256 5754
2258 3225
2258 7518
2259 5588
2259 5887
2261 4858
2261 6403
2261 6619
2261 7058
2262 2518
2262 8405
2264 5616
2264 6877
2264 7262
2265 2660
2266 7298
2266 8190
2268 6965
2270 5158
2272 4807
2272 5642
2272 7224
2273 6046
2273 9465
2274 6317
2275 4061
2276 3167
2276 9137
2276 9555
2277 9177
2278 5443
2279 8150
2280 4235
2280 7376
2281 6067
2282 4445
2282 5828
2282 7601
2282 8500
2283 8971
2286 4886
2286 6180
2287 2634
2287 5488
2287 6860
2288 9065
2288 9892
2289 9455
2291 5303
2291 7243
2292 2887
2292 4052
2292 4339
2293 8271
2293 9743
2294 4332
2294 6432
2294 8273
2294 8850
2295 6118
2295 7718
2296 3122
2297 2371
2298 9745
2299 7338
2300 9942
2301 7334
2302 2986
2303 4640
2304 7261
2304 7839
2305 4720
2305 6971
2305 7628
2305 7654
2306 7623
2307 8315
2308 2576
2308 3806
2308 6980
2308 8368
2308 8455
2308 8886
2309 7243
2310 6870
2310 8018
2311 3608
2312 2697
2313 3763
2314 3286
2314 4533
2315 7279
2316 9656
2317 5344
2317 7745
2318 3779
2318 4894
2319 3205
2319 5695
2319 9788
2320 3760
2320 6650
2321 3123
2321 8917
2322 9347
2322 9658
2324 2760
2324 2936
2324 6061
2325 2462
2325 7842
2327 4377
2328 8104
2328 9817
2329 2710
2329 7619
2330 9964
2331 5805
2332 9017
2333 5116
2334 5895
2335 2904
2335 4093
2335 8705
2335 9582
2336 5212
2336 6187
2336 8086
2336 8960
2337 2548
2337 9224
2338 4493
2339 6199
2340 5102
2341 3691
2341 4840
2342 8154
2342 9319
2343 5592
2343 7031
2344 3990
2345 3729
2346 4177
2346 7077
2346 8774
2346 9045
2346 9541
2347 2923
2347 6109
2348 3818
2348 6106
2351 5444
2352 4094
2353 2949
2354 5140
2355 5178
2355 5645
2356 8485
2358 6937
2358 8425
2358 9588
2359 6251
2360 3403
2360 4408
2361 3647
2362 9404
2363 2968
2364 3689
2364 8975
2365 9590
2366 3009
2366 4061
2366 4404
2367 5647
2367 8842
2368 8736
2369 3298
2370 4817
2370 7515
2370 9256
2371 7391
2371 8127
2372 4005
2372 5396
2373 3637
2375 4692
2375 5030
2375 8937
2376 3134
2376 3636
2376 8307
2377 4185
2377 8689
2380 8798
2381 7676
2382 7026
2383 4970
2384 2425
2385 7127
2386 6391
2386 7103
2387 7281
2387 8194
2387 9262
2388 5642
2389 6465
2390 9250
2391 5893
2392 2396
2392 8228
2393 7876
2394 6611
2395 7764
2396 3595
2397 9976
2398 3075
2398 6930
2399 2637
2399 8178
2400 4432
2400 5877
2401 4305
2402 4724
2403 5353
2404 5378
2405 4049
2406 3728
2406 4881
2406 9455
2407 3845
2407 4132
2407 5017
2408 4279
2408 7512
2409 6649
2409 7022
2409 9152
2411 3010
2411 3158
2411 4144
2412 7337
2413 5992
2413 7405
2414 2977
2414 5892
2415 9898
2416 9273
2417 3856
2417 7132
2417 8999
2418 2559
2418 5029
2418 9038
2419 9438
2420 7476
2421 7067
2421 8487
2421 8660
2422 5078
2423 3046
2423 5856
2423 6589
2424 2978
2424 6276
2425 4552
2426 4924
2427 6939
2428 2525
2428 5725
2429 2461
2429 4304
2429 4586
2429 8721
2430 3694
2430 5586
2430 6626
2431 3805
2431 5008
2431 6535
2432 8430
2432 9275
2433 3298
2434 3131
2436 8973
2436 9469
2437 2956
2437 4745
2437 7778
2438 4134
2438 7829
2438 8071
2439 9088
2440 6438
2441 3246
2441 8171
2441 9816
2442 9160
2443 8706
2443 9941
2444 4025
2445 5084
2445 6019
2445 7604
2446 7136
2446 7902
2446 8093
2447 9911
2449 4976
2450 2877
2450 3349
2451 4092
2451 7703
2452 4077
2453 2622
2453 4939
2454 4776
2454 7886
2455 8544
2456 8914
2457 9380
2458 7950
2458 8959
2459 4330
2459 8373
2459 9378
2460 3437
2460 3750
2462 3496
2462 3768
2462 5563
2462 9466
2463 9484
2464 3458
2464 6137
2465 6531
2466 6160
2466 6581
2466 6790
2466 7419
2467 3676
2468 3165
2468 7100
2468 7498
2469 3898
2469 4491
2469 4945
2469 6901
2471 2723
2472 2662
2473 5347
2473 8284
2474 7249
2474 9166
2475 4153
2475 8832
2476 3447
2477 3416
2477 4643
2477 5621
2478 7450
2479 7718
2480 2765
2480 4935
2480 9605
2481 5700
2481 6413
2481 8708
2482 4322
2482 8144
2484 5425
2485 2805
2486 7568
2487 6815
2487 7711
2487 9228
2488 2695
2488 5748
2489 4924
2489 5580
2489 9716
2490 6522
2491 4498
2491 6336
2491 8654
2492 8502
2493 4399
2493 4535
2494 2502
2494 7751
2495 6126
2496 3458
2497 4772
2497 7985
2498 9188
2499 4077
2499 8031
2499 8765
2500 4819
2500 8285
2501 7418
2502 7347
2503 3001
2503 3545
2503 9899
2504 4632
2505 4697
2505 5158
2506 8238
2507 4378
2507 5261
2508 9986
2509 2838
2510 7685
2510 8409
2511 8768
2513 9160
2514 6393
2515 6493
2515 7717
2515 8801
2515 9355
2516 3200
2516 7883
2517 2795
2517 3316
2519 7970
2519 9698
2520 4695
2520 5363
2520 6010
2521 5602
2521 5759
2521 9944
2522 5006
2523 6832
2523 8917
2524 4834
2524 8905
2525 5116
2525 5646
2525 8628
2526 2571
2526 5197
2526 8766
2526 9778
2527 2722
2528 3142
2528 9018
2529 2910
2530 8389
2531 3406
2532 9749
2533 2673
2533 5312
2533 6993
2534 7497
2535 4516
2535 6765
2536 5913
2536 6183
2537 5773
2539 6238
2540 8272
2541 7234
2541 8945
2542 5209
2542 7784
2542 8267
2543 9029
2545 8891
2546 5366
2546 6076
2546 7533
2547 9445
2548 3535
2548 6654
2549 8541
2551 4244
2551 6478
2552 5406
2552 6835
2553 3103
2553 4554
2554 5110
2554 7588
2555 7637
2556 4544
2556 7310
2557 4121
2558 4274
2559 5608
2560 6004
2561 6973
2561 9798
2562 2608
2562 5381
2563 5968
2564 5511
2565 3229
2566 9696
2567 3644
2568 9187
2568 9385
2569 5065
2569 9538
2570 3372
2570 4089
2570 4647
2572 3359
2572 7244
2573 4406
2574 8876
2575 8169
2576 3941
2576 8441
2577 3764
2578 8132
2579 5176
2579 5967
2579 7704
2579 9032
2580 5644
2580 7742
2582 5906
2582 8489
2583 5300
2583 8296
2584 9139
2585 2825
2586 3704
2586 6118
2586 6566
2587 3723
2587 5582
2588 7261
2589 4921
2590 8190
2591 4741
2592 2962
2592 5843
2592 8515
2592 9731
2593 4616
2593 5958
2593 6865
2594 3139
2594 8318
2594 8428
2595 9716
2596 8989
2597 9444
2598 6306
2599 5392
2599 5579
2599 8069
2601 4732
2601 5108
2601 7965
2602 2649
2602 9690
2603 3841
2603 4023
2605 4352
2605 7551
2606 3721
2606 8985
2607 4269
2609 6271
2609 6693
2610 6981
2612 4797
2613 7563
2614 3930
2614 7870
2614 8583
2615 8806
2616 3952
2616 8372
2617 4440
2617 4835
2618 3403
2619 5890
2620 2720
2621 6592
2622 3933
2622 8859
2623 2811
2623 8544
2624 7183
2625 2757
2625 5224
2626 5328
2626 8824
2627 7135
2628 4452
2628 4995
2629 3041
2629 5324
2630 2929
2631 8609
2632 6039
2633 9367
2635 5726
2635 6423
2635 7575
2636 6129
2636 7053
2637 2859
2637 3792
2638 7122
2639 4596
2641 3167
2641 5239
2642 5019
2643 7659
2644 7638
2644 8420
2645 8471
2646 8120
2646 9953
2647 4562
2648 5221
2649 4178
2649 6357
2650 4564
2650 4757
2650 5194
2650 8303
2650 8942
2651 8339
2652 6926
2653 7957
2654 4369
2654 7216
2654 8636
2655 5051
2655 7958
2655 8917
2656 2861
2656 7050
2657 2873
2657 4348
2658 3473
2658 7057
2659 4970
2660 8473
2661 3403
2662 3353
2662 3580
2663 9267
2664 4941
2664 6448
2664 7045
2665 3007
2665 4703
2665 4806
2666 2728
2666 3789
2667 3838
2667 4364
2668 3951
2669 3474
2669 8857
2671 6455
2671 9888
2672 9702
2673 8260
2673 9029
2674 3801
2675 3138
2675 4371
2675 8357
2676 7948
2678 6199
2678 9633
2680 4272
2681 3024
2681 5541
2682 3914
2682 8333
2682 9921
2683 6900
2683 8303
2683 8898
2684 8152
2684 8343
2685 7368
2686 4606
2687 5151
2688 7167
2689 8334
2689 8358
2690 6205
2691 4986
2691 6518
2692 6392
2693 9439
2694 9029
2695 3773
2695 9602
2696 4955
2696 5012
2697 8611
2698 9846
2699 6134
2699 8908
2700 7233
2701 2876
2701 6527
2701 9629
2702 5751
2704 3583
2704 7023
2704 7187
2704 7937
2705 4485
2706 7059
2706 7718
2707 4620
2707 9708
2708 4994
2708 7441
2708 7689
2709 7943
2709 8398
2710 4251
2711 2925
2711 6100
2711 9187
2711 9423
2712 3869
2713 3222
2715 6700
2717 6136
2717 6393
2718 2743
2720 9340
2720 9580
2722 7693
2723 4648
2723 6087
2723 6276
2723 6733
2723 9443
2724 6229
2725 5574
2726 2943
2726 9193
2727 8149
2729 3911
2729 8357
2730 3731
2731 7319
2731 9345
2732 5293
2734 3040
2734 8830
2735 7028
2737 3256
2737 5529
2737 9973
2738 4466
2738 5486
2739 9704
2740 9930
2741 9299
2741 9528
2741 9637
2743 9630
2744 2848
2744 3611
2744 5275
2745 9282
2746 6105
2747 3304
2747 8741
2748 3187
2748 6013
2749 3214
2749 4230
2750 4659
2750 6814
2751 3726
2751 6904
2751 8686
2752 3813
2752 6367
2753 3352
2754 9495
2755 5772
2756 8233
2756 9093
2757 5820
2757 8212
2758 3497
2758 3939
2759 6852
2759 9183
2760 6836
2760 8182
2760 8276
2761 4424
2763 4172
2764 3361
2765 4399
2765 7329
2766 6566
2767 4049
2767 9909
2768 5540
2769 8209
2770 4963
2771 5327
2772 7456
2773 9239
2774 5541
2775 9668
2776 3943
2777 8618
2777 9023
2778 4739
2778 5664
2779 5240
2779 5986
2779 8580
2779 9771
2780 8753
2781 6992
2781 9883
2782 6564
2784 5932
2785 3934
2785 6575
2785 7799
2786 8688
2787 8881
2789 7394
2790 4218
2790 5102
2790 8320
2793 5556
2794 4503
2795 2992
2796 5264
2796 7411
2796 9434
2796 9540
2797 5901
2798 4807
2798 4964
2799 2804
2800 7768
2800 8510
2802 3771
2802 3910
2803 7906
2804 2909
2804 4829
2805 8208
2806 5132
2807 3388
2808 8568
2809 3658
2809 7864
2809 8298
2810 9543
2811 4486
2813 3825
2813 6417
2813 8194
2814 5159
2815 3595
2815 5246
2815 7898
2815 7918
2816 5983
2817 6325
2817 7394
2817 9001
2818 3188
2818 7828
2819 6043
2820 8794
2821 4661
2823 4282
2824 5882
2824 8892
2824 9428
2825 8789
2826 3072
2826 9920
2828 7124
2830 9725
2831 3148
2831 9248
2832 9010
2832 9742
2834 8387
2835 7073
2835 9383
2836 7310
2836 8817
2837 4091
2837 7093
2838 3756
2839 3207
2839 3516
2839 9113
2841 6531
2842 4367
2842 4994
2843 6993
2844 4337
2844 4841
2844 5313
2846 3689
2847 3504
2847 9708
2849 3097
2850 7423
2851 3047
2851 8481
2852 3665
2852 5785
2854 3901
2854 6657
2854 7505
2854 8581
2855 3833
2856 7514
2856 8080
2857 6153
2857 6195
2858 3192
2858 8684
2860 8436
2860 8449
2861 6037
2861 9681
2862 6170
2862 7412
2863 3072
2864 7057
2864 9915
2865 3389
2865 5627
2866 9616
2867 5075
2868 5886
2869 5756
2869 6121
2869 9710
2870 4497
2871 5768
2872 6667
2872 8626
2872 9107
2874 8594
2876 3476
2876 3672
2877 8407
2878 3272
2879 8447
2879 9982
2880 3075
2881 7892
2882 6386
2882 6443
2882 9008
2883 3868
2884 4437
2885 6690
2886 8875
2887 8647
2888 8277
2892 3499
2892 4328
2892 6112
2894 4576
2894 9653
2895 5870
2895 7005
2896 4188
2897 3995
2897 5629
2898 9920
2899 3398
2900 4781
2901 6348
2901 8126
2901 9721
2902 3724
2903 2911
2903 4124
2905 8578
2906 5232
2906 6333
2907 5434
2907 7331
2908 4635
2908 8818
2909 9764
2910 4826
2910 7210
2910 8714
2911 7977
2912 4297
2913 3708
2913 4011
2913 7490
2914 4595
2914 6465
2914 8843
2915 5590
2916 6586
2917 5878
2918 6495
2919 7885
2920 3949
2921 3061
2921 9219
2922 8594
2923 5709
2924 3672
2924 5324
2924 8163
2925 6671
2926 3770
2927 4719
2927 4958
2928 6258
2929 3289
2929 3340
2930 4862
2930 8690
2930 9513
2931 8947
2932 3200
2932 8030
2933 4950
2933 8630
2934 6573
2934 9697
2935 6423
2936 7624
2937 9079
2937 9855
2938 8982
2939 4436
2939 8496
2939 9053
2940 9492
2940 9894
2941 6895
2942 5694
2943 4790
2943 5861
2944 2955
2944 4478
2944 8715
2945 4233
2945 5659
2946 5857
2947 3872
2947 4949
2947 9545
2948 8755
2949 3786
2949 6078
2951 7223
2953 3828
2953 4409
2956 5352
2956 7442
2957 7133
2957 7422
2958 4027
2958 6573
2959 4873
2959 6245
2959 7367
2960 5823
2960 8360
2961 5008
2961 7687
2961 9765
2962 4373
2963 6607
2963 7377
2964 5110
2964 7513
2967 8464
2968 7413
2969 5214
2969 7887
2971 8159
2972 7699
2973 8585
2974 4301
2974 6676
2978 5055
2979 5732
2979 9358
2980 5566
2983 5690
2984 5501
2985 4301
2987 6876
2987 6879
2987 8291
2988 4325
2989 7171
2990 8921
2990 9976
2991 4464
2991 5476
2992 4624
2992 9842
2993 8604
2995 3955
2996 7961
2996 8120
2997 7652
2998 5045
2999 6507
2999 9457
3000 4060
3000 5718
3000 7063
3001 7756
3001 8204
3002 4455
3002 8810
3002 8826
3003 9648
3004 4419
3004 8483
3005 4235
3006 3708
3006 4748
3007 5911
3008 4357
3011 5580
3012 4822
3012 7231
3012 7773
3013 5030
3013 5419
3013 7208
3013 8747
3014 8128
3015 8893
3016 7048
3017 6656
3017 7532
3018 3902
3019 3076
3019 9570
3020 6176
3020 7799
3021 7254
3021 8799
3021 8884
3022 5828
3022 8819
3023 4741
3023 6540
3023 7822
3024 3630
3025 5131
3026 9226
3027 5078
3027 5907
3028 8703
3029 5519
3030 5912
3030 6171
3031 4360
3032 5125
3032 6885
3032 8995
3033 6402
3033 9805
3034 6425
3034 7232
3035 3398
3035 8406
3036 3787
3037 8123
3038 9989
3039 3441
3040 5964
3041 5414
3042 9407
3043 5987
3043 8638
3044 5241
3044 6880
3046 7131
3047 8311
3048 3587
3048 4329
3048 7695
3049 4418
3049 4454
3050 6884
3050 9228
3052 6557
3052 8578
3053 4622
3053 6746
3053 8362
3055 4529
3056 9347
3057 7769
3058 3409
3060 4007
3061 3529
3061 3584
3061 5373
3061 6584
3062 9472
3063 3716
3063 7831
3065 3912
3065 8703
3066 3259
3066 5938
3066 9148
3067 3986
3067 6667
3068 5111
3068 9984
3069 9959
3070 7549
3071 9873
3072 4442
3073 5409
3073 7825
3074 4436
3075 7415
3077 3377
3079 5129
3080 6146
3081 5253
3081 7048
3081 9631
3082 7730
3083 4058
3083 7417
3083 8736
3084 6003
3084 9374
3085 4569
3085 4576
3085 9812
3086 7327
3087 4457
3087 8327
3088 3948
3088 5320
3089 3279
3090 3988
3090 4928
3091 3549
3091 4139
3091 8658
3094 3785
3094 7447
3094 8860
3094 9400
3094 9770
3097 7140
3098 5397
3100 4919
3100 8560
3102 8253
3103 4351
3103 5168
3104 5886
3105 5361
3106 8496
3107 5118
3107 5286
3107 7499
3107 7946
3108 4680
3109 8454
3110 4096
3110 5109
3111 5008
3112 6047
3112 6409
3113 3706
3113 6706
3116 8676
3117 9486
3119 3744
3119 8591
3120 3407
3120 9367
3121 8770
3122 5218
3124 3830
3124 6977
3124 7255
3125 3220
3125 9923
3126 3958
3126 6920
3127 4796
3128 5008
3128 6675
3129 5009
3129 7992
3130 7781
3133 8672
3135 3913
3135 4563
3136 7293
3136 8356
3137 3836
3137 7284
3139 4032
3140 5588
3141 6585
3141 7462
3142 8691
3143 9195
3145 7617
3146 4368
3147 4921
3147 5404
3149 6119
3151 5740
3151 9235
3152 3468
3152 6196
3153 3176
3153 3912
3154 4443
3155 7670
3159 6825
3160 4350
3160 9878
3162 5435
3162 6586
3162 7901
3163 8140
3164 4833
3165 8516
3166 3871
3166 4690
3166 5839
3168 9401
3169 7447
3169 7772
3171 6004
3173 4510
3173 9847
3175 7189
3175 9215
3177 9059
3178 3611
3179 4607
3180 6975
3181 3903
3181 5793
3182 7591
3182 8964
3183 7629
3184 3576
3186 3223
3187 5442
3187 6182
3187 9549
3188 4320
3191 8737
3192 3236
3193 8106
3193 9346
3194 3410
3195 5400
3195 8601
3196 4673
3196 8534
3197 6319
3197 7378
3199 6626
3201 3338
3201 3519
3201 4842
3202 6017
3202 7438
3202 7713
3202 9189
3202 9211
3203 7981
3206 3933
3206 9595
3208 7352
3209 3501
3209 8040
3210 9313
3211 4944
3212 7045
3213 5289
3214 9696
3214 9990
3215 3919
3216 6218
3216 7990
3217 4642
3217 6422
3219 6227
3220 3966
3220 6239
3221 7523
3222 8933
3223 3987
3223 5530
3223 7366
3226 3447
3227 3678
3228 3405
3230 6754
3231 4953
3231 6116
3232 4194
3232 5449
3232 9818
3233 5352
3233 7801
3233 8272
3234 3305
3234 8953
3235 4521
3235 5117
3237 4044
3237 7931
3238 4386
3239 3761
3239 4311
3239 7083
3239 8381
3240 8510
3240 9099
3241 9968
3242 7365
3243 6263
3244 3551
3244 5385
3245 7630
3247 5240
3248 4200
3248 8636
3248 9870
3249 6480
3249 7061
3250 3433
3251 5642
3251 5997
3252 6066
3252 9835
3253 6216
3253 7059
3254 7751
3256 3791
3256 5368
3257 5848
3257 8925
3258 7587
3260 5051
3260 6889
3260 9540
3262 3568
3262 6266
3262 8716
3263 6676
3263 9177
3264 7683
3264 8245
3266 4929
3267 7155
3267 7474
3267 8245
3268 7010
3268 7518
3268 9375
3268 9637
3269 4618
3269 4634
3269 8695
3271 6931
3273 6805
3274 7136
3275 8778
3276 8099
3276 9518
3277 8851
3277 9844
3281 4509
3281 6191
3282 5141
3284 7643
3285 4601
3286 8165
3288 6966
3290 9075
3291 4901
3291 6398
3292 5893
3293 6963
3293 6982
3294 4706
3295 6532
3296 8822
3296 9354
3297 4189
3297 9019
3300 4083
3300 5990
3301 5529
3301 5854
3302 6955
3303 4773
3305 4576
3306 4879
3306 8799
3307 8477
3308 8276
3309 8094
3310 3457
3310 5262
3310 6907
3311 4656
3311 5260
3311 8493
3312 3861
3312 7149
3313 4360
3313 6458
3313 9861
3314 4715
3315 4322
3315 6050
3317 9347
3319 6198
3320 3787
3320 6501
3320 9734
3321 5603
3322 5759
3323 8593
3323 9315
3324 4532
3324 7135
3326 7634
3327 7116
3328 9529
3328 9568
3329 7749
3329 7834
3329 8567
3331 6055
3331 8465
3332 5499
3332 7585
3333 6995
3334 6753
3335 6445
3336 8907
3337 8771
3338 4549
3338 8709
3339 7457
3340 4249
3341 8205
3342 6003
3343 8956
3344 4614
3344 6901
3344 7878
3345 6639
3345 9523
3346 4575
3346 4854
3348 4306
3348 4910
3349 5810
3351 5906
3351 6524
3352 8515
3354 7193
3354 8734
3354 9955
3355 7923
3355 8988
3356 4414
3356 4425
3357 6921
3357 8476
3358 8106
3358 9550
3359 9763
3360 6035
3361 3554
3361 7125
3363 5869
3364 8177
3365 8178
3366 7591
3367 5493
3367 8701
3368 5923
3368 7485
3369 4788
3369 5872
3370 5455
3371 6692
3372 4514
3373 3626
3373 4715
3375 6869
3375 8235
3376 8065
3377 5935
3378 3625
3379 3445
3379 5200
3379 8223
3379 9581
3381 7113
3381 8737
3382 9364
3382 9949
3383 8479
3384 7950
3384 9569
3385 7990
3386 7173
3387 7670
3387 8598
3388 3470
3389 3967
3390 5005
3390 5136
3390 8927
3391 4501
3392 4990
3394 4825
3394 4889
3395 8239
3396 5557
3396 5912
3397 4038
3399 3406
3400 8155
3401 4624
3401 6732
3401 9403
3402 4824
3403 5617
3404 3426
3404 7634
3404 8847
3405 7725
3407 6475
3408 8401
3409 6002
3410 7854
3411 7109
3411 8912
3412 5172
3412 6739
3412 7112
3414 4102
3414 6317
3415 7395
3415 9427
3416 7044
3416 9695
3416 9921
3417 7242
3418 6948
3418 9561
3419 4614
3419 6048
3421 6709
3422 5943
3423 4705
3423 8268
3424 7234
3425 6097
3426 5479
3427 9658
3428 8238
3428 9310
3429 3709
3429 4297
3430 9508
3431 4557
3432 5384
3433 8653
3433 9914
3434 5043
3435 3810
3436 6218
3437 6788
3438 5433
3438 5865
3439 6477
3439 6767
3440 3553
3441 3946
3441 5081
3441 7682
3442 8248
3443 3977
3443 4086
3444 8825
3446 5263
3446 6933
3447 3713
3447 4211
3448 7783
3448 9872
3449 5512
3449 8389
3450 5334
3451 5054
3453 5075
3454 8495
3455 6547
3455 9632
3456 8863
3457 7794
3457 8376
3458 3979
3458 5302
3459 6166
3460 4158
3460 8909
3461 3487
3461 6425
3461 9146
3463 6886
3464 3884
3464 5516
3466 9709
3467 4021
3467 4255
3470 7516
3472 3774
3474 4486
3475 7587
3475 8710
3477 9666
3478 7607
3479 4677
3479 8962
3480 8923
3481 8436
3482 5359
3483 9407
3484 5014
3485 6334
3485 7176
3486 4875
3488 6458
3489 6071
3491 7182
3491 7788
3492 8429
3495 4267
3496 9363
3498 8928
3499 7149
3499 9938
3500 7642
3502 5139
3502 5658
3502 9297
3503 6515
3505 8912
3506 4087
3507 6247
3509 3956
3510 6260
3511 7166
3511 7964
3512 8631
3512 8729
3514 4927
3515 9768
3516 4731
3516 6011
3517 7974
3517 8120
3519 7701
3520 6173
3521 6146
3521 6836
3522 7984
3522 9477
3524 5892
3525 5284
3525 6968
3526 8891
3527 6795
3528 5562
3528 7912
3528 9815
3529 3821
3530 9592
3532 4256
3532 8112
3533 5747
3533 7341
3534 7850
3535 4153
3535 4342
3536 5170
3536 5877
3537 5049
3538 7934
3540 5669
3540 7264
3541 5273
3541 5710
3542 7195
3543 4984
3543 9364
3545 4063
3547 4509
3547 5851
3548 4749
3548 8796
3549 6914
3549 7995
3551 9217
3552 7651
3555 9258
3556 7195
3557 3675
3558 4146
3558 9304
3559 5370
3560 7041
3560 9197
3562 5426
3563 3782
3563 8243
3564 6598
3564 9819
3565 3878
3565 8484
3566 3808
3567 4898
3567 5071
3567 6900
3567 7123
3570 3690
3571 3688
3571 6311
3571 8408
3574 8787
3575 5772
3575 7046
3576 5306
3576 9775
3577 4231
3577 4636
3578 8556
3578 9080
3578 9919
3579 5011
3580 5090
3580 8981
3581 6815
3581 7580
3581 8823
3582 9432
3583 6197
3585 5388
3585 7764
3586 9091
3587 8355
3590 5120
3590 9577
3590 9950
3591 9596
3592 8573
3593 4323
3593 6842
3593 8142
3594 6921
3594 8322
3595 7956
3596 8600
3597 4282
3597 4708
3598 4065
3598 4676
3599 6342
3599 7065
3599 8347
3599 8469
3600 7895
3601 8895
3602 3977
3602 6989
3604 7691
3605 5300
3606 6463
3606 9298
3607 8628
3609 9821
3610 5902
3611 6552
3612 5559
3612 9828
3613 9611
3614 7115
3615 9638
3616 6329
3616 6484
3617 5993
3617 8619
3618 5375
3618 6374
3618 8947
3619 4006
3619 9105
3621 6797
3621 9982
3622 5838
3622 7358
3623 7766
3624 4997
3624 5551
3624 6161
3625 6777
3626 6749
3627 7037
3628 8889
3628 9075
3630 5823
3631 7857
3632 5444
3632 5547
3632 6734
3632 8060
3633 6338
3633 8770
3634 4688
3634 7686
3634 8753
3635 4597
3636 5379
3636 6225
3637 9031
3638 8502
3639 4583
3639 5741
3640 3994
3641 4088
3642 6688
3642 8181
3643 8881
3645 7804
3646 7526
3647 4130
3647 8845
3647 9480
3648 3727
3648 6234
3650 6241
3650 7680
3652 7179
3652 7480
3654 9627
3655 6600
3655 6928
3657 9041
3659 5708
3660 4854
3660 7767
3661 8959
3662 6252
3662 8223
3664 7042
3664 9783
3665 8613
3666 6347
3667 9924
3668 6551
3668 6638
3668 8188
3669 4946
3670 8704
3671 6298
3671 7958
3672 7971
3673 5984
3673 6288
3673 8713
3674 8508
3675 6274
3676 5652
3676 6774
3676 7278
3676 7529
3677 3923
3677 5717
3679 6289
3680 6897
3680 6972
3682 7298
3682 7482
3683 6556
3684 8530
3685 4263
3685 5151
3686 5729
3686 9022
3687 4658
3687 4977
3687 7446
3687 8202
3687 8692
3688 4754
3690 7580
3690 9157
3691 7106
3692 4418
3692 8576
3695 7050
3696 8968
3697 9589
3698 9527
3699 6556
3699 9286
3700 4345
3700 4916
3701 4223
3702 8039
3702 9450
3703 8392
3705 6284
3707 4585
3708 8760
3708 9717
3709 4762
3710 7761
3711 9177
3712 5944
3713 4502
3713 7345
3713 8149
3714 5825
3714 8888
3715 9645
3716 4127
3716 6867
3717 9106
3719 6294
3719 8756
3720 4038
3721 8066
3722 6590
3722 6805
3724 7812
3726 5490
3728 8053
3730 5172
3731 3737
3731 5781
3731 9662
3732 4263
3732 9251
3733 4894
3733 7075
3734 6371
3734 6923
3735 5506
3735 7962
3736 4445
3736 5411
3738 6379
3738 8663
3739 3820
3739 8238
3740 7130
3741 7291
3742 5653
3743 4660
3744 6453
3744 8474
3745 3887
3745 8206
3746 5283
3746 6878
3747 6915
3748 7274
3749 9333
3751 5343
3751 5908
3751 9919
3752 6693
3753 5748
3753 7660
3754 3848
3754 5598
3755 8720
3756 3820
3756 9377
3756 9729
3757 3935
3757 4642
3758 8034
3758 9587
3759 3829
3759 4570
3760 4450
3760 6969
3762 3860
3763 3872
3763 5829
3763 9826
3764 5144
3765 9797
3766 6181
3766 8451
3766 9398
3767 7925
3767 8415
3767 9606
3768 7697
3770 5242
3771 6938
3772 4380
3773 7590
3774 4443
3774 8216
3775 7696
3777 8060
3778 7719
3778 7949
3780 8780
3781 7827
3782 8360
3783 5683
3783 8116
3784 9163
3786 4698
3786 6569
3788 6446
3790 8665
3791 6226
3792 4855
3793 7336
3794 6725
3794 7955
3794 8798
3795 5511
3796 4924
3796 5832
3796 7566
3798 5142
3799 6919
3800 5522
3800 7143
3800 8080
3801 5091
3801 5889
3801 7812
3801 8874
3802 6488
3802 8123
3803 7493
3804 4168
3804 9434
3805 4157
3807 5018
3807 9567
3808 7979
3809 8033
3810 3964
3810 6479
3810 7685
3811 4866
3812 9805
3814 9052
3815 7792
3816 5395
3817 6281
3819 4749
3819 7675
3819 7774
3819 9270
3822 9189
3824 6553
3824 9460
3825 6655
3825 6912
3825 7820
3828 7368
3830 5550
3831 7622
3832 9359
3833 5230
3834 6917
3835 5340
3836 4280
3836 8560
3837 4792
3837 6526
3838 5867
3838 6691
3839 7254
3840 5504
3840 9471
3840 9844
3842 5743
3843 8594
3843 8607
3844 5801
3845 7198
3845 9559
3846 6648
3847 4149
3847 9661
3849 8866
3850 9705
3851 5834
3851 7174
3853 5849
3854 7231
3855 7138
3855 8757
3857 6312
3858 7041
3859 6958
3860 4960
3862 5424
3862 7480
3863 9591
3864 5167
3864 8624
3864 8978
3865 4224
3866 4178
3866 8711
3866 8931
3868 8516
3869 7527
3869 8878
3869 9809
3870 7123
3871 5988
3871 7928
3871 8531
3873 9154
3874 4450
3874 8113
3874 8257
3876 9171
3877 9452
3878 8864
3878 9146
3879 6359
3879 7496
3880 6094
3880 6790
3881 8074
3882 5143
3882 9591
3883 7503
3884 3960
3885 9227
3886 9826
3888 6737
3889 6793
3891 4188
3892 4205
3893 9109
3894 7678
3894 9933
3895 6650
3896 9885
3899 4381
3899 9033
3900 3990
3900 5640
3900 8419
3902 6307
3904 8888
3904 9504
3905 9295
3906 8991
3907 4300
3908 4641
3909 6208
3910 5645
3912 6303
3913 8952
3914 8991
3915 9988
3916 8671
3917 4962
3917 6823
3918 5753
3919 9857
3920 8764
3921 7908
3921 8431
3922 8285
3924 9662
3925 6875
3927 6710
3928 6026
3929 4586
3929 9105
3930 7694
3931 6042
3932 6904
3932 8724
3934 7094
3934 7266
3936 6984
3938 5284
3938 9996
3940 6956
3940 7304
3940 8545
3942 6509
3942 8038
3944 9209
3945 6467
3945 9976
3949 9181
3950 8237
3951 5443
3951 9725
3953 5697
3953 9479
3954 5633
3954 9064
3954 9374
3955 6954
3956 5567
3959 5745
3959 7048
3959 9191
3960 4946
3961 8394
3962 4755
3964 4145
3964 8297
3965 6426
3965 6625
3965 9021
3969 7357
3970 4683
3973 4848
3974 4239
3974 7418
3975 8952
3975 9128
3976 5378
3976 6610
3978 6001
3978 8714
3980 6188
3981 5650
3981 5920
3982 8312
3982 9369
3983 8321
3984 6802
3987 9623
3989 8354
3990 4144
3991 8531
3992 6434
3996 6853
3996 9451
3998 6688
4000 5838
4000 6263
4002 6230
4003 6275
4004 4878
4004 9886
4006 6444
4006 8880
4008 7738
4009 5023
4010 7635
4011 7072
4012 4335
4012 4779
4012 6930
4012 7013
4013 8344
4014 8814
4015 4408
4016 4559
4017 5310
4018 8150
4019 8254
4019 8315
4020 5276
4020 6723
4020 8557
4020 9408
4022 5019
4023 8204
4024 7690
4025 5726
4025 9424
4027 9670
4028 7879
4028 9985
4029 4042
4030 6531
4031 5792
4032 8759
4033 7798
4034 6364
4034 7390
4034 8112
4035 6469
4037 7223
4038 8814
4039 6732
4039 8592
4043 5957
4044 4821
4045 5000
4045 8753
4046 5581
4047 4394
4047 9203
4048 5822
4049 6966
4050 4165
4050 7132
4051 5353
4051 7886
4053 5571
4053 9594
4055 5441
4056 7866
4056 9673
4057 4874
4058 7096
4058 7246
4059 4060
4060 6419
4060 9695
4061 4282
4064 5379
4064 6526
4064 9158
4065 9581
4066 8346
4067 6117
4068 9103
4068 9802
4069 7215
4070 4193
4070 6206
4071 5988
4072 9056
4072 9699
4073 5543
4073 9767
4074 4129
4075 9912
4076 7855
4076 7988
4077 8837
4079 8353
4079 9280
4081 6179
4082 5515
4084 9026
4084 9145
4086 6299
4086 6545
4087 9549
4089 6940
4089 7016
4091 6308
4091 9396
4094 9948
4095 6190
4095 7052
4095 8568
4095 8972
4096 7509
4097 4778
4098 6327
4098 7774
4099 8445
4099 9746
4100 7735
4101 6511
4101 6607
4102 9035
4103 5615
4103 5733
4104 4127
4104 7864
4105 4821
4106 6568
4107 4313
4107 5457
4108 6520
4111 4442
4111 9817
4112 6053
4112 8029
4113 9426
4114 7318
4115 5696
4115 8005
4115 9485
4116 5206
4116 9014
4117 4667
4117 6314
4117 7936
4117 9130
4118 8414
4120 6699
4120 7334
4121 8511
4122 5330
4122 9915
4123 9705
4125 6837
4126 4467
4126 7429
4128 4346
4129 7333
4131 9141
4132 5407
4132 6367
4133 6616
4133 8994
4135 8895
4136 4587
4137 7397
4138 4615
4138 5228
4138 7859
4140 7309
4141 5013
4142 7798
4143 7235
4144 7147
4147 6416
4148 6230
4148 9604
4150 6377
4151 4350
4151 6789
4152 4718
4152 5911
4154 4736
4155 5823
4157 5350
4157 7775
4158 5935
4159 4376
4159 7220
4159 7428
4159 9469
4160 6554
4161 4454
4162 7234
4162 8926
4162 9699
4164 5875
4164 9986
4166 4427
4166 9660
4167 5768
4169 8013
4170 6903
4170 8558
4171 9443
4175 9419
4176 4304
4178 6650
4179 7404
4181 5111
4182 6486
4182 8452
4183 5694
4183 5738
4184 5784
4184 8524
4185 7665
4186 7507
4187 4642
4187 5793
4188 9093
4189 4598
4190 4475
4190 5829
4190 9257
4190 9384
4191 5348
4192 8504
4193 5684
4193 7489
4196 5598
4196 8287
4197 4299
4198 8187
4198 9681
4199 4650
4199 4934
4199 7584
4201 4846
4202 4542
4203 5550
4204 7175
4204 8581
4205 5832
4206 8693
4207 6863
4208 6523
4209 9395
4210 6737
4212 7742
4212 7892
4213 5222
4214 4454
4214 8977
4215 9317
4216 4992
4218 7299
4218 9545
4220 8762
4220 9073
4221 6401
4221 8150
4222 5138
4223 5107
4223 5926
4223 9086
4224 8687
4225 5016
4226 4837
4226 6608
4227 7831
4228 5977
4228 6438
4228 7395
4232 6258
4232 7710
4233 5495
4233 9603
4235 4449
4235 8199
4236 4633
4238 4715
4238 8011
4240 4912
4240 6415
4241 6083
4241 6104
4242 6458
4243 7369
4243 9848
4244 8259
4245 6345
4246 8445
4247 9679
4248 5646
4251 6824
4252 9262
4254 4723
4254 8530
4255 8811
4257 9902
4258 6677
4258 6791
4259 9956
4260 9775
4261 7834
4262 9554
4263 9328
4263 9586
4264 9519
4265 4873
4265 9885
4265 9928
4267 5607
4268 4520
4269 6109
4269 7922
4270 4431
4270 6079
4271 5749
4271 6044
4271 6715
4272 9084
4272 9786
4273 7436
4274 9349
4276 9647
4278 6081
4280 7835
4284 7134
4285 4511
4285 9602
4286 6395
4287 7543
4288 5035
4289 8906
4290 4381
4291 6168
4292 5224
4292 6555
4293 4319
4294 4606
4295 6665
4295 6913
4297 6752
4298 7203
4299 8458
4300 8445
4300 9076
4302 5405
4303 5681
4305 7009
4305 7393
4305 8530
4306 6974
4307 9127
4308 5769
4308 8533
4308 9441
4309 8778
4311 9961
4312 4334
4313 8624
4315 9886
4316 4894
4316 6499
4317 5348
4318 6097
4318 6130
4319 7547
4319 8538
4319 9664
4321 4609
4323 8298
4323 9796
4324 7259
4325 6537
4325 8490
4326 6540
4328 5976
4330 7004
4331 5107
4332 7586
4333 7270
4334 4883
4334 5061
4334 7159
4334 8501
4335 4518
4336 5098
4338 8880
4340 8136
4340 9931
4341 7144
4343 6691
4344 5663
4347 5794
4347 6045
4347 8635
4347 9689
4348 5858
4348 6075
4349 5253
4349 7156
4350 6901
4350 7765
4350 8784
4351 4565
4351 7771
4351 7796
4352 5667
4352 6571
4352 7679
4353 5276
4354 8588
4355 6290
4356 7187
4357 7776
4358 5832
4358 8539
4360 5371
4360 8339
4360 8972
4361 8199
4362 9030
4364 7639
4365 7002
4366 7321
4367 5641
4367 5746
4367 8410
4367 8693
4369 9104
4370 5883
4370 9354
4371 6917
4372 5553
4372 5826
4372 8025
4372 8090
4374 8564
4374 8930
4375 9476
4377 4827
4377 5699
4377 8086
4378 8574
4379 7522
4379 9011
4384 9168
4385 9344
4388 6613
4389 5938
4391 5450
4391 8278
4393 6580
4395 8035
4395 8374
4396 9570
4397 5165
4397 9835
4398 8227
4400 9336
4400 9540
4402 8794
4403 8151
4403 8538
4405 6068
4405 9208
4406 4790
4407 6169
4407 8186
4409 6795
4409 7020
4410 5921
4411 5331
4413 6734
4414 6994
4414 9978
4415 4910
4415 7179
4416 7096
4417 9390
4418 8012
4419 5632
4420 5779
4421 7762
4422 5710
4422 9769
4423 5382
4423 9435
4424 7428
4424 9833
4425 6174
4425 6488
4425 8407
4426 5202
4429 6106
4430 8979
4431 9018
4432 7277
4433 9532
4434 7394
4435 5758
4437 6720
4437 8732
4438 6935
4438 9387
4440 5065
4441 5246
4442 7643
4443 6108
4443 8853
4444 7981
4444 8521
4445 5211
4445 5333
4445 7900
4446 8715
4447 5977
4448 4541
4450 8351
4452 7408
4452 8581
4453 4671
4453 6212
4454 6296
4455 6839
4456 9695
4457 5093
4457 6418
4457 7520
4457 9981
4458 8218
4460 5252
4460 8997
4461 6152
4462 5362
4463 6302
4465 7697
4467 7497
4468 5226
4468 5589
4468 8715
4468 9098
4469 5691
4469 9945
4470 5982
4470 6670
4471 9818
4472 6564
4473 8771
4473 8948
4474 7380
4476 9788
4477 5623
4478 8390
4479 5924
4479 8197
4480 9483
4481 9642
4482 6573
4483 6665
4483 8207
4484 5642
4484 5921
4484 8110
4485 7092
4487 9284
4489 9391
4490 6799
4490 8477
4492 8383
4492 9641
4493 5972
4494 8251
4496 4657
4497 5784
4497 6522
4499 6908
4499 7906
4500 9510
4504 5330
4504 6335
4505 6729
4506 5643
4507 5173
4507 8375
4507 9179
4508 8174
4508 8957
4509 4829
4509 8226
4510 7861
4511 4930
4511 9221
4513 7527
4513 8935
4514 8472
4515 5190
4515 5374
4515 7862
4518 5753
4519 4542
4520 8024
4520 9340
4522 7664
4523 5507
4524 7211
4526 8514
4527 5405
4527 6042
4528 7924
4528 9309
4529 9969
4530 9695
4531 8535
4532 6301
4532 8316
4533 5937
4533 6932
4534 5657
4534 8345
4536 4846
4536 7905
4537 6871
4537 7986
4538 4864
4538 7313
4538 8645
4539 4793
4539 8242
4539 8575
4540 6635
4540 9654
4541 6339
4542 8202
4543 4733
4543 7672
4544 9186
4545 5077
4547 7099
4548 9596
4549 4813
4549 8629
4550 6808
4550 9991
4551 5105
4551 9156
4552 6305
4553 8507
4558 6051
4558 9584
4560 6120
4561 8144
4562 5745
4562 6136
4564 4684
4564 6644
4566 5506
4566 8363
4568 8057
4568 9640
4570 5038
4570 5687
4571 6372
4575 8572
4576 5744
4576 7390
4576 8728
4577 4719
4577 4957
4577 9370
4580 6507
4582 4620
4582 5315
4583 4587
4583 4999
4583 6105
4583 7890
4585 5611
4587 6791
4588 9657
4589 4946
4589 8608
4590 6025
4590 6446
4591 7918
4592 6228
4593 4616
4594 7028
4596 8981
4596 9033
4597 7700
4597 9917
4598 5068
4599 9072
4600 5866
4601 4950
4601 5525
4603 5301
4603 9521
4604 4685
4604 9318
4605 5502
4606 6132
4606 7550
4607 6178
4608 7155
4610 5869
4610 6174
4611 8827
4613 8157
4618 6376
4619 6574
4619 9681
4621 7537
4622 5758
4623 4943
4624 5866
4624 8927
4625 6447
4625 6530
4626 5541
4627 5872
4627 9035
4629 9214
4630 7567
4630 9544
4631 5942
4632 7213
4632 7865
4633 8870
4634 6681
4635 9098
4636 5429
4637 5398
4638 6246
4638 7231
4639 8840
4639 9123
4640 6637
4640 6845
4642 8525
4643 7029
4644 5295
4645 6351
4645 6873
4646 5637
4647 5477
4648 8041
4648 8673
4649 4759
4649 5849
4650 7039
4653 5485
4654 8522
4655 5865
4657 6113
4658 7410
4658 9688
4659 6870
4659 7524
4659 9696
4660 5410
4660 8905
4661 4945
4661 9185
4662 8141
4663 8289
4664 4872
4664 4925
4664 6292
4665 5834
4666 9876
4668 6813
4668 7030
4668 8095
4669 5430
4670 9515
4672 7380
4673 5413
4673 6623
4674 6557
4675 6295
4675 7642
4677 8562
4677 9622
4678 9588
4679 5159
4680 7616
4680 8229
4681 8268
4681 9338
4683 4775
4686 6674
4687 5316
4691 5290
4691 7419
4691 8130
4694 8211
4694 8242
4694 8863
4697 4766
4697 5784
4699 8639
4700 5988
4701 4852
4701 9768
4702 8327
4704 5450
4706 8856
4706 9058
4707 5384
4707 8456
4710 9237
4711 5736
4711 7643
4713 7579
4714 5590
4715 9906
4716 9855
4721 4825
4722 5177
4723 5618
4724 5299
4724 6985
4725 8014
4725 8465
4726 9982
4727 9716
4728 5202
4730 5467
4731 7978
4732 9713
4733 6546
4734 6925
4734 8098
4735 4836
4736 5319
4738 8938
4740 8948
4743 6772
4743 7421
4744 8161
4745 9746
4746 6966
4746 8021
4747 7706
4748 7836
4751 5075
4751 9563
4752 6046
4752 7239
4752 8999
4753 8122
4753 8720
4754 5824
4755 6887
4756 5815
4756 9153
4756 9442
4758 6002
4760 5754
4761 5421
4761 9509
4761 9648
4763 6593
4763 7498
4763 9265
4764 6764
4765 7315
4766 5044
4766 8625
4767 9829
4768 5582
4768 7960
4770 6736
4770 6800
4772 7420
4773 7666
4776 6091
4777 5346
4778 5272
4778 6829
4778 8203
4780 7569
4781 7841
4782 6251
4782 8155
4783 5922
4783 6466
4783 9101
4784 5342
4785 8046
4786 6449
4787 6924
4789 5518
4789 5872
4789 9738
4790 6761
4790 7574
4791 9364
4792 7297
4794 9908
4798 6508
4798 9412
4799 7368
4799 8147
4799 9226
4800 5920
4800 9884
4802 4925
4804 6428
4805 8765
4806 6610
4808 9843
4809 7045
4809 7732
4810 5731
4810 6921
4811 7169
4811 8371
4812 9282
4812 9877
4814 5280
4815 7568
4819 5397
4821 8219
4822 5625
4822 8462
4822 9653
4823 5818
4824 9769
4825 5569
4826 6947
4826 9572
4828 9446
4828 9766
4829 5653
4829 7684
4830 6630
4831 6729
4832 5007
4832 8749
4834 9865
4835 9393
4836 6326
4838 5969
4839 7931
4843 9887
4844 5388
4844 8823
4845 5053
4845 9395
4846 6470
4846 7923
4847 7785
4849 9239
4850 8628
4850 9499
4851 9221
4852 7097
4853 8275
4853 9836
4855 8901
4856 7338
4856 8181
4856 9501
4857 6571
4858 6810
4860 6862
4861 7884
4862 9933
4863 7155
4863 8777
4864 7288
4864 9320
4865 7019
4868 7182
4869 9391
4870 4968
4870 9571
4874 6245
4876 6996
4876 7455
4876 9850
4877 4949
4877 4959
4877 5379
4879 8443
4882 8748
4882 8935
4884 6439
4884 8172
4886 5468
4886 8324
4887 5140
4888 7491
4889 9982
4891 5308
4893 8185
4894 7283
4895 9911
4896 8882
4897 7612
4897 8823
4899 6164
4899 7205
4900 5586
4901 5024
4901 7289
4904 6967
4905 7554
4907 5347
4907 8928
4908 5118
4908 5184
4908 8970
4909 5052
4909 7157
4909 9044
4911 5094
4911 6361
4911 9498
4912 6128
4912 7860
4912 9055
4913 5928
4913 9180
4914 8102
4915 7195
4916 6129
4918 6341
4918 9468
4920 5807
4923 5387
4924 5470
4924 7349
4925 5213
4926 9134
4929 7605
4929 7824
4929 8145
4933 4993
4936 7709
4937 6859
4937 9200
4938 6538
4938 9802
4940 5236
4940 6645
4942 7747
4946 8075
4947 6493
4948 6502
4948 6990
4951 6189
4951 6759
4952 9089
4952 9757
4953 9279
4954 7154
4956 6638
4956 9375
4957 9560
4961 5554
4961 9067
4962 5787
4962 8394
4963 5915
4963 7228
4963 8783
4964 6068
4964 8236
4966 9355
4967 6697
4967 8763
4968 9247
4969 9943
4974 8075
4974 9728
4975 5677
4975 5888
4975 9194
4977 7037
4978 6905
4980 5465
4980 6239
4981 8585
4982 7351
4982 8863
4985 8562
4985 9093
4987 9838
4988 9255
4989 6192
4990 6205
4992 5496
4993 6103
4994 6567
4995 7155
4998 6147
4998 7070
5003 8307
5004 5902
5008 7430
5008 7977
5009 6796
5010 5394
5011 5477
5011 8302
5012 7722
5014 5904
5015 5419
5016 6137
5016 7801
5016 8861
5016 9723
5020 5284
5021 7684
5022 5724
5024 9593
5025 6579
5025 9689
5026 6538
5027 5221
5028 9910
5028 9928
5031 5773
5031 7022
5032 7242
5034 6515
5034 9107
5036 9939
5038 6916
5041 5239
5042 7337
5042 7399
5043 6686
5043 7294
5043 8146
5046 8948
5047 8176
5050 5610
5050 9694
5052 5996
5052 9334
5054 8590
5055 5638
5055 9583
5055 9956
5056 5950
5057 8681
5058 8267
5058 9197
5059 7492
5060 7652
5061 6727
5061 6862
5061 7473
5064 5537
5064 6141
5066 6393
5067 8670
5068 5161
5068 7520
5068 8575
5069 9827
5070 8467
5073 5439
5073 9435
5074 7502
5076 6643
5077 8246
5079 6159
5080 8399
5080 8987
5080 9316
5083 7273
5083 8706
5084 5507
5085 5524
5085 5557
5085 8897
5086 9300
5087 5958
5090 7008
5091 9725
5092 8393
5093 7284
5093 8206
5094 6983
5094 8859
5095 6622
5095 7121
5096 5829
5096 8763
5097 5613
5099 5662
5100 5849
5100 8091
5101 9495
5102 9841
5104 5213
5105 6183
5107 8412
5107 8632
5111 7708
5111 8266
5112 5267
5112 8181
5113 7373
5115 6641
5116 7746
5118 8920
5121 5412
5122 6851
5122 8964
5124 7661
5126 8420
5127 9791
5128 7553
5128 7930
5129 8294
5129 8959
5130 6712
5131 8128
5132 7362
5133 8279
5133 8816
5135 5149
5137 5394
5137 8138
5137 8339
5138 8809
5138 9970
5141 5750
5141 7279
5142 8038
5143 5787
5143 7838
5144 5894
5144 8595
5145 7280
5145 9840
5146 8590
5147 7039
5148 7541
5150 5797
5152 8538
5152 9475
5153 7473
5154 5215
5154 6036
5157 6868
5159 7676
5160 8956
5161 6998
5162 6041
5163 5746
5164 6640
5164 6776
5165 9352
5166 5847
5166 7531
5169 7666
5171 6349
5171 9971
5175 6142
5175 8109
5176 9763
5177 9105
5178 5244
5178 5356
5178 8782
5179 6010
5179 6706
5180 7178
5181 7490
5182 5807
5185 5510
5185 6714
5186 8109
5186 9267
5186 9567
5187 9288
5188 7089
5188 8846
5189 6380
5189 6953
5190 7979
5190 8719
5191 9909
5192 8773
5192 9134
5193 8951
5194 9305
5194 9525
5198 5390
5199 5304
5199 8553
5201 5502
5201 8872
5202 6189
5202 7738
5203 9021
5204 5239
5204 6632
5207 7912
5207 9640
5207 9913
5208 9007
5208 9255
5209 5264
5211 7850
5214 5572
5214 8429
5216 8714
5217 8166
5219 6603
5221 5736
5221 7511
5224 7118
5225 5421
5225 7980
5226 7940
5227 7720
5228 7938
5231 8977
5231 9106
5233 7440
5233 8225
5234 5804
5234 5844
5235 5740
5237 6305
5238 9387
5240 5901
5240 7280
5240 9344
5240 9599
5242 9620
5243 6254
5247 8882
5248 7309
5248 7739
5249 5521
5250 6699
5251 8441
5254 6219
5254 7485
5254 8340
5255 6321
5255 7805
5256 5811
5256 6473
5257 7540
5257 8676
5258 5878
5258 8676
5259 8027
5260 5764
5261 5440
5261 7245
5262 8366
5265 6498
5266 5287
5266 8186
5268 8102
5269 7438
5270 6261
5270 8947
5271 6034
5273 7356
5274 5831
5274 7682
5275 5661
5275 9644
5277 6303
5278 7968
5279 9753
5280 8046
5281 5996
5282 7540
5285 5289
5288 6189
5289 9147
5290 8432
5291 7675
5291 8122
5292 6000
5292 9589
5293 7666
5296 5588
5297 9799
5298 6814
5300 5778
5301 7545
5301 8828
5303 5968
5305 7751
5306 9223
5308 6743
5308 7938
5309 5836
5309 6183
5310 7326
5310 9589
5311 5750
5311 6777
5311 8688
5314 6378
5314 8623
5315 6659
5316 9744
5317 6886
5318 6077
5319 8978
5320 8658
5321 7543
5321 9898
5322 9575
5323 6019
5325 8486
5326 6744
5326 9467
5327 5662
5328 7123
5329 9553
5331 5533
5332 5639
5332 9655
5337 7587
5338 6320
5340 7159
5341 9346
5342 8107
5342 8172
5342 8215
5342 9741
5343 6321
5344 6685
5344 7091
5345 7741
5346 5636
5348 5525
5349 5354
5351 5915
5353 7320
5353 9167
5354 6208
5354 7429
5355 7011
5355 7117
5356 5428
5357 8752
5358 5941
5359 7596
5359 9148
5360 6101
5361 6460
5361 9399
5362 6404
5363 8304
5364 9307
5365 8500
5366 6704
5369 9438
5369 9584
5370 5991
5370 9443
5371 6665
5373 7608
5374 5568
5375 6530
5376 8127
5376 8139
5378 5972
5378 8577
5380 9531
5383 7239
5384 9370
5385 7464
5385 8835
5386 8638
5387 9885
5389 5905
5389 7670
5390 6748
5390 9301
5391 5431
5393 6156
5393 9202
5394 7841
5395 5435
5395 7555
5396 8922
5397 7727
5399 7552
5400 5561
5400 9013
5401 6029
5402 5575
5408 6844
5408 8506
5408 8909
5409 7752
5410 9381
5411 7798
5412 6972
5412 7597
5412 8502
5415 8066
5416 7135
5417 5504
5417 5688
5418 8784
5420 5454
5420 7072
5422 9855
5423 9597
5425 8549
5426 7557
5428 8943
5428 9554
5429 8824
5430 8810
5431 5451
5431 6177
5431 6199
5432 5852
5433 5502
5433 9455
5435 9277
5437 6702
5438 9221
5441 5955
5441 7032
5442 5757
5445 5544
5445 6496
5445 7858
5445 8611
5445 8895
5447 8967
5448 9013
5449 9445
5452 8804
5452 9406
5452 9733
5453 6224
5455 5594
5455 8993
5456 7001
5458 6647
5459 6287
5460 7435
5461 8803
5462 6087
5462 6975
5464 9832
5465 8403
5466 9128
5467 9737
5468 6908
5469 6315
5469 6489
5469 9890
5470 9745
5471 5608
5472 8190
5472 8359
5474 5621
5475 6468
5476 5743
5478 6795
5480 8402
5480 9473
5481 8879
5481 9233
5483 6426
5483 6660
5484 6672
5484 9311
5485 8508
5487 7843
5488 7894
5488 7953
5488 8433
5489 9584
5491 7747
5491 8549
5491 9994
5492 6597
5492 9551
5494 8370
5497 5782
5498 9725
5499 9821
5500 6985
5501 8134
5501 8280
5505 5734
5505 9829
5507 8221
5510 9948
5511 8098
5513 5929
5514 7345
5516 7822
5517 6618
5517 6686
5519 5616
5519 6635
5520 5795
5521 7785
5522 7327
5523 5900
5524 5957
5524 6495
5526 9738
5527 8770
5527 9325
5529 5682
5529 7007
5529 7461
5529 7464
5530 5556
5531 5863
5531 6654
5532 8892
5534 7026
5534 7538
5535 6003
5536 6982
5538 6352
5538 7501
5538 8520
5539 9848
5540 6309
5541 8439
5542 6265
5542 9129
5542 9899
5545 7197
5546 6771
5548 6568
5549 5715
5550 8246
5553 5584
5553 7776
5553 9891
5554 5700
5557 7784
5559 6159
5559 8962
5560 6433
5561 7470
5562 5958
5562 6058
5564 8438
5565 9060
5565 9172
5565 9415
5567 5753
5569 5915
5570 7631
5572 6831
5574 6138
5574 9193
5576 9674
5577 9974
5579 6528
5581 6911
5581 8072
5583 8128
5583 9895
5587 5947
5588 5692
5588 8750
5593 6396
5593 9754
5594 7315
5595 7466
5596 6698
5598 7646
5599 7663
5600 6041
5600 9517
5601 6682
5601 7863
5601 8572
5604 9977
5605 7548
5605 8131
5606 5899
5607 7832
5608 7386
5608 7694
5612 6670
5612 7722
5614 9944
5619 8514
5620 8968
5620 9437
5620 9776
5623 6277
5624 8337
5624 9213
5626 6581
5628 6961
5628 8241
5628 8513
5629 7840
5630 5933
5630 9022
5631 7258
5631 7348
5632 6992
5633 7236
5635 7485
5636 9130
5637 9853
5638 9621
5639 9414
5642 9679
5643 7602
5643 8325
5648 5788
5648 6202
5648 7230
5648 7796
5648 8863
5649 5901
5649 9779
5650 6929
5651 9839
5652 8902
5654 7250
5655 6864
5656 6856
5656 7269
5659 7881
5662 7821
5663 9727
5664 9828
5665 9273
5666 6567
5668 8198
5669 6609
5670 7419
5671 7069
5672 8978
5675 6856
5675 7948
5675 9209
5677 8903
5678 9784
5679 9158
5680 6543
5681 9555
5685 6299
5686 8942
5687 6049
5687 6413
5687 9975
5689 7519
5689 7932
5690 7410
5690 9677
5691 9323
5691 9868
5692 8404
5694 6302
5698 6988
5700 6060
5700 8672
5701 9841
5702 6053
5702 6919
5703 5903
5705 7181
5705 9363
5706 6223
5706 8220
5707 8926
5709 6197
5709 6645
5712 6000
5712 8361
5713 7787
5713 8150
5714 6724
5714 8047
5715 9269
5716 7576
5719 9394
5720 6863
5720 8892
5722 7857
5723 7714
5723 9022
5724 6830
5727 6172
5728 6539
5732 6711
5733 8847
5740 8037
5741 8046
5742 7049
5742 9281
5742 9700
5748 6816
5749 8002
5752 6510
5752 8136
5753 6713
5753 6804
5755 7614
5755 7716
5755 8230
5756 7931
5756 9201
5758 6926
5761 6539
5761 7682
5762 6406
5763 6572
5764 5772
5764 8649
5764 8652
5765 5827
5765 5904
5767 8211
5769 9474
5770 6811
5770 8307
5771 7438
5772 8559
5772 8590
5774 8121
5775 9608
5778 9225
5782 8399
5783 6196
5784 6803
5784 8802
5786 6582
5786 6959
5786 9964
5787 6600
5790 8084
5790 8517
5790 9511
5791 8431
5791 9172
5791 9613
5791 9735
5792 6253
5792 9726
5794 8346
5795 6078
5795 9484
5796 8221
5797 8797
5797 9400
5798 8640
5798 9220
5799 8139
5801 6632
5801 9183
5802 7691
5802 7814
5802 8607
5803 5977
5803 8587
5804 8989
5805 8836
5805 9083
5806 9246
5806 9524
5809 7970
5809 8129
5810 8101
5811 8715
5812 8145
5812 9282
5814 6212
5817 9736
5818 9124
5819 8132
5822 9826
5826 7275
5827 7110
5828 7236
5828 7475
5828 7556
5828 9284
5830 8457
5833 6943
5833 7225
5834 7178
5840 9644
5841 9809
5842 6016
5842 8402
5843 7494
5846 8685
5846 9190
5848 8412
5850 6735
5852 6182
5853 8656
5853 9436
5854 6306
5854 8775
5856 6746
5858 9348
5860 6427
5860 7633
5861 8357
5861 9951
5862 8923
5864 6029
5864 7768
5865 9963
5867 8165
5870 9567
5873 8270
5875 5973
5875 6382
5879 9150
5880 7394
5881 6809
5881 9057
5883 6275
5883 6601
5884 8329
5884 8887
5885 9282
5887 7706
5891 7404
5893 6542
5895 8035
5896 9920
5897 6334
5897 7527
5897 9634
5898 5924
5899 7594
5902 7182
5902 8059
5902 8540
5903 7636
5906 9067
5908 8017
5908 9980
5909 8262
5910 6690
5912 8605
5914 8101
5914 9533
5916 6383
5917 6653
5917 9253
5919 7302
5919 7740
5921 7204
5923 6705
5927 7451
5927 7744
5928 8166
5928 8468
5928 8982
5929 7397
5929 8614
5930 6781
5931 7268
5931 9944
5934 7808
5940 6762
5940 7463
5940 7513
5945 6692
5945 7316
5946 7205
5948 8225
5949 6371
5949 7270
5952 7974
5953 8088
5954 7836
5956 9259
5960 9532
5961 9237
5961 9372
5963 9087
5965 6723
5966 7065
5966 7983
5970 6378
5971 6331
5971 8830
5973 6451
5974 6555
5974 7054
5975 6497
5976 8095
5977 9178
5978 6220
5978 7789
5979 7562
5983 9824
5988 7026
5989 9099
5992 8665
5994 8813
5995 6496
5995 7625
5996 6389
5996 8808
5998 8799
5999 7060
6002 6042
6002 9280
6005 6902
6005 9038
6006 6514
6006 7832
6007 6134
6008 9362
6009 6978
6014 8409
6015 6381
6015 6700
6017 8829
6018 6271
6020 8016
6020 8554
6020 9995
6021 7237
6021 9751
6024 6793
6025 9061
6026 6435
6027 9979
6028 9675
6029 6817
6030 6228
6031 6986
6033 9525
6035 7416
6035 9184
6036 9667
6037 8646
6038 7709
6038 9116
6041 8157
6042 7205
6043 7957
6043 8251
6043 8426
6045 6596
6047 6434
6047 9931
6047 9942
6056 9243
6056 9539
6057 6892
6057 9015
6059 8546
6059 9799
6061 7787
6062 7733
6063 6763
6064 6566
6065 8025
6067 6997
6067 9427
6068 7359
6069 9357
6070 6985
6072 6650
6073 6882
6073 7991
6073 9688
6074 9307
6074 9491
6077 7400
6077 7649
6079 6561
6080 6925
6081 6410
6082 6420
6082 7627
6082 9618
6083 7402
6085 9892
6086 6782
6086 8787
6086 9162
6089 9371
6090 9962
6091 6137
6092 7880
6093 8490
6095 6924
6096 7787
6096 8066
6098 8151
6099 6834
6099 8058
6099 9062
6100 8133
6102 9718
6103 8663
6104 9450
6107 6503
6108 7526
6108 8020
6108 9816
6110 7334
6110 8322
6112 9488
6113 8078
6113 8849
6114 8165
6114 9209
6115 8921
6115 9405
6117 6291
6122 6746
6123 6370
6124 8140
6127 8530
6130 8010
6131 8422
6132 7769
6133 9646
6135 6843
6139 6616
6140 6953
6140 9816
6141 9790
6143 9109
6144 7994
6144 8809
6145 8875
6148 6255
6149 8087
6149 9037
6151 8163
6156 9443
6157 7797
6157 8162
6158 8088
6158 8647
6160 6395
6161 8893
6162 6519
6163 8118
6163 9222
6164 6773
6164 9554
6165 7926
6166 6821
6166 8183
6167 7885
6168 7328
6169 8121
6172 9533
6172 9851
6174 6256
6175 7103
6177 9525
6179 9164
6180 8621
6181 8119
6184 8471
6184 8955
6185 7187
6186 7249
6186 7624
6188 6198
6192 9214
6194 8197
6195 6309
6200 6451
6202 8157
6202 9162
6204 9706
6205 9715
6209 9682
6210 8152
6211 9572
6214 9885
6215 6458
6219 8609
6221 6984
6221 9885
6224 7952
6225 6898
6225 9570
6227 8530
6228 7362
6228 7620
6230 8969
6231 9252
6231 9261
6232 8072
6233 7181
6235 6472
6235 9725
6236 7798
6237 9167
6238 7618
6240 9322
6241 8619
6243 7186
6245 9719
6247 7302
6248 6913
6249 8528
6250 8164
6251 8377
6252 7104
6253 9601
6255 7326
6255 8949
6256 7081
6257 8729
6259 8066
6262 7937
6263 9064
6264 7665
6267 7324
6267 8168
6268 7495
6268 9849
6270 6705
6270 8529
6270 8659
6272 8564
6272 8916
6273 9770
6274 6873
6274 8742
6277 6774
6277 7803
6278 7120
6278 7608
6278 7689
6280 7212
6281 7996
6282 9028
6283 7324
6284 7668
6285 6822
6286 9054
6287 7241
6287 8330
6287 9388
6288 8729
6289 7650
6291 8727
6292 7185
6292 9894
6293 6924
6295 9938
6297 6847
6297 8114
6299 8525
6300 7673
6301 9789
6301 9814
6302 7703
6303 7200
6303 7792
6304 6426
6304 8436
6306 8004
6309 6399
6309 7291
6310 8732
6310 9909
6312 7966
6313 7654
6313 9073
6314 6543
6316 6475
6316 7545
6317 8024
6318 8120
6319 6702
6322 8645
6323 6668
6323 7056
6323 9054
6326 8769
6326 9811
6328 7565
6328 8668
6330 8757
6330 8984
6332 6951
6333 9107
6334 9486
6334 9860
6335 6368
6337 6875
6340 7397
6343 7155
6343 8913
6344 8186
6345 7868
6350 6640
6351 6849
6351 9213
6353 9349
6354 6622
6354 9117
6355 8407
6356 8751
6356 9509
6357 6476
6357 8890
6358 7465
6359 6733
6360 9006
6362 7207
6363 7839
6372 9626
6373 8401
6374 6577
6376 6892
6376 8460
6377 6642
6377 7121
6377 8923
6381 6563
6381 9410
6384 7877
6384 7897
6385 6630
6385 8805
6387 7248
6390 6837
6391 7101
6393 7515
6394 8411
6394 9411
6396 8484
6397 6912
6397 7759
6397 9290
6400 8519
6400 9404
6402 8218
6405 7256
6406 7867
6407 7715
6407 9840
6408 6741
6408 8205
6408 8786
6410 6634
6411 9327
6412 6959
6419 8542
6424 8026
6427 9095
6428 8491
6428 9316
6429 6561
6430 9464
6438 9889
6439 9502
6440 9884
6441 7013
6442 9924
6444 9180
6445 8848
6446 9579
6448 6513
6448 7072
6450 8488
6451 8065
6452 8557
6453 9189
6454 7164
6454 9165
6456 8248
6458 7167
6459 8646
6465 8448
6471 6544
6472 9372
6474 9982
6476 6756
6480 9021
6481 9345
6482 8441
6483 9920
6485 8414
6486 7051
6486 9859
6487 8600
6490 9298
6491 6904
6492 6749
6494 6910
6499 7973
6500 7874
6503 8157
6504 7540
6505 6594
6506 9307
6506 9337
6507 9606
6510 9752
6512 7756
6515 9037
6517 8597
6517 9550
6518 9945
6522 7427
6525 9635
6532 7230
6533 9859
6534 7441
6535 7856
6536 7068
6536 9672
6537 7479
6540 8459
6543 8498
6548 7187
6548 7861
6548 9874
6549 9060
6550 7897
6550 8082
6551 8255
6552 7311
6553 7388
6554 7659
6556 9250
6559 6926
6560 9752
6560 9998
6561 9607
6562 8582
6562 9541
6564 6733
6564 9311
6565 6987
6565 7506
6568 7542
6569 8950
6570 7385
6571 8601
6572 7237
6572 9565
6573 7149
6573 9914
6574 7975
6576 8110
6578 8654
6579 7238
6580 7334
6585 9226
6586 6943
6588 7581
6589 9070
6591 7346
6591 8615
6591 8857
6592 6604
6593 8192
6595 7377
6595 7442
6599 9490
6600 6776
6600 9193
6600 9503
6602 7136
6604 6928
6605 8259
6606 7421
6608 6666
6608 7394
6610 7720
6611 9613
6612 7294
6613 8286
6613 9636
6614 8971
6614 9379
6615 7613
6616 9244
6617 7331
6618 8915
6620 6783
6620 8818
6620 9772
6621 7317
6623 8571
6626 7986
6628 8807
6628 9487
6629 7078
6630 7317
6633 6785
6636 8195
6636 9807
6642 7534
6643 8132
6647 6688
6648 6734
6651 9659
6652 8208
6652 8543
6653 7558
6655 8105
6657 7671
6662 7530
6662 9120
6663 9351
6664 7565
6666 7927
6668 7569
6673 7465
6674 7145
6674 7188
6678 8386
6678 8393
6679 6695
6679 8173
6681 9755
6682 7040
6683 8357
6684 9027
6685 8984
6687 7320
6687 8744
6688 9362
6689 6914
6689 7207
6690 9992
6692 8161
6693 7693
6695 9999
6696 8392
6700 7234
6707 8795
6708 7930
6708 8022
6708 8488
6712 8139
6712 9546
6715 7004
6718 8945
6719 7637
6721 7884
6722 7371
6723 7215
6724 9957
6725 7151
6726 9094
6728 9006
6729 7980
6730 9058
6730 9703
6731 9734
6733 9451
6737 7118
6740 7703
6742 9711
6747 6947
6747 8817
6748 7808
6750 8195
6751 7928
6751 9580
6753 9188
6755 7634
6757 8123
6758 9259
6759 9250
6760 7273
6761 9500
6764 8575
6764 8974
6766 7168
6766 7677
6768 8648
6768 9714
6770 9177
6771 7215
6779 7537
6780 9622
6781 7336
6782 9422
6784 7895
6786 8289
6787 8344
6794 9531
6795 7335
6795 8670
6796 7852
6799 8481
6800 7469
6801 7872
6802 9287
6805 8419
6806 8505
6807 7729
6807 8904
6808 9304
6810 8704
6811 9276
6812 9141
6818 8755
6819 8027
6820 7736
6822 8791
6824 6921
6826 7602
6827 8454
6828 7281
6828 7301
6829 9802
6831 7624
6833 9537
6835 8940
6835 9873
6838 7405
6840 8788
6841 8486
6841 8489
6844 9402
6845 6850
6846 9454
6848 7980
6852 9905
6854 9161
6855 8364
6856 9357
6858 7084
6858 7941
6858 9147
6861 7116
6865 9416
6866 7854
6866 8038
6869 8952
6870 7664
6871 7731
6872 7082
6872 8116
6874 8253
6876 9531
6877 7115
6879 7701
6880 9299
6881 9679
6886 7166
6888 9954
6891 7299
6891 9150
6896 8873
6898 7488
6898 9184
6898 9744
6909 9376
6913 8453
6914 7315
6914 9556
6915 9462
6924 7296
6927 6964
6927 7477
6928 7521
6928 9278
6931 8096
6931 9708
6932 9343
6933 8910
6937 7570
6939 9665
6942 7585
6945 7448
6945 9315
6946 8234
6949 7682
6950 9684
6950 9741
6951 9881
6954 7609
6958 8427
6960 7303
6960 9864
6961 7746
6962 8025
6963 8277
6965 8738
6966 9484
6968 8182
6970 7019
6970 8665
6971 8158
6972 7286
6972 9042
6976 7967
6977 9082
6978 7941
6979 7070
6981 8887
6981 9954
6985 7169
6987 7740
6987 8674
6991 7988
6992 9125
6995 8355
6996 7367
6999 8112
6999 8395
7001 9431
7003 8318
7005 9033
7006 8896
7013 8265
7014 7379
7014 7845
7015 7878
7017 7975
7017 9325
7018 8620
7024 7569
7025 8287
7027 9070
7032 7236
7033 8278
7034 8111
7034 9243
7035 8208
7036 7527
7042 9240
7043 8081
7044 9108
7047 8806
7048 7460
7049 9329
7052 7683
7052 8274
7054 8890
7055 7218
7060 8086
7065 8743
7066 8681
7066 8852
7068 7889
7070 7174
7070 8780
7070 9813
7071 7487
7071 8746
7073 9231
7075 9157
7076 8185
7078 7786
7078 9821
7080 7620
7085 9339
7086 8441
7087 8837
7089 9806
7090 8860
7092 7161
7097 8600
7098 8826
7105 9994
7107 7917
7107 9097
7108 9719
7109 8295
7109 9529
7110 7307
7112 8103
7113 7972
7119 8529
7119 9170
7122 8265
7124 9068
7126 9530
7127 7614
7130 7514
7130 8048
7132 9100
7134 7355
7135 8152
7136 9702
7137 9921
7139 8453
7140 8783
7140 8815
7142 8301
7145 9207
7146 7444
7148 7671
7150 9266
7150 9734
7152 8188
7153 7325
7154 9420
7163 8647
7163 9440
7166 8008
7166 9946
7167 9678
7170 7671
7171 8554
7171 9130
7172 7195
7172 8228
7173 7443
7176 9516
7177 8502
7180 7651
7182 7867
7183 9689
7186 8662
7186 8947
7189 9872
7191 8644
7195 9399
7196 9983
7197 9964
7199 7391
7201 7870
7204 8152
7206 7777
7209 8278
7211 8653
7212 7487
7214 7723
7215 9213
7218 9012
7219 7235
7222 8797
7223 8309
7225 9780
7225 9993
7226 9830
7227 8171
7228 7559
7231 8196
7234 7872
7236 7484
7237 7295
7237 7360
7240 8432
7240 8583
7241 7959
7242 7339
7242 7707
7247 7608
7247 8604
7248 7752
7248 8666
7252 9333
7255 7459
7256 9753
7257 8434
7259 8615
7260 8472
7261 7763
7263 7787
7265 7522
7265 8055
7267 9663
7268 8965
7269 9306
7272 8376
7274 8879
7275 7343
7276 8425
7276 9216
7282 9561
7282 9642
7284 8144
7285 7472
7285 9669
7287 9324
7292 8456
7293 7663
7297 8058
7297 9090
7300 8758
7301 7945
7303 7705
7304 8293
7305 9502
7306 8803
7309 9481
7313 7696
7314 7969
7314 7998
7318 8565
7318 8792
7321 9766
7322 9162
7324 9831
7325 9025
7327 7896
7328 9295
7330 8169
7331 7342
7331 9687
7333 8928
7334 9795
7336 9685
7337 7412
7340 9527
7341 8918
7347 8032
7347 8526
7357 7489
7357 8989
7359 7481
7363 9151
7364 8313
7366 8791
7369 8317
7371 7425
7372 9476
7373 9979
7375 7421
7377 9161
7382 8740
7383 8580
7385 9506
7386 8098
7388 9118
7389 8410
7392 7714
7392 8751
7399 8249
7399 9682
7400 7715
7400 8092
7401 8930
7404 9626
7406 8760
7410 8309
7413 8866
7414 7856
7414 9432
7415 8472
7417 9147
7420 8603
7420 8939
7421 9759
7422 9580
7423 7909
7424 7506
7427 8489
7428 7494
7432 9993
7433 9955
7434 9575
7439 7484
7440 9554
7443 9857
7444 9298
7447 7726
7450 7832
7451 8555
7452 8646
7453 8394
7453 9452
7454 8754
7457 8954
7458 8043
7458 8531
7458 8687
7465 9997
7466 7750
7466 9748
7467 9160
7468 8089
7468 8214
7469 7623
7471 9101
7473 9463
7476 7754
7477 7659
7478 9458
7480 9371
7483 8725
7484 9875
7486 7873
7486 8917
7492 7790
7492 9055
7493 9741
7498 8000
7498 8492
7501 9241
7502 7698
7502 8376
7504 8791
7505 8450
7507 8612
7508 9900
7510 7887
7510 8475
7518 9411
7519 8050
7525 8969
7528 9449
7532 7988
7533 8724
7535 8697
7537 9151
7539 7797
7539 9289
7540 7595
7541 8651
7543 7640
7544 9098
7546 8795
7547 7593
7554 8886
7562 8882
7563 8292
7564 8285
7566 9391
7568 9710
7569 8817
7569 9320
7569 9728
7570 9927
7571 8633
7571 9226
7571 9606
7573 8553
7574 7810
7574 9222
7575 7848
7577 8985
7578 8423
7579 9345
7582 8497
7582 9350
7582 9608
7586 9689
7588 9897
7592 9274
7597 9761
7600 8470
7601 9218
7602 8290
7605 8929
7610 8436
7614 8137
7615 8981
7615 9712
7616 8310
7616 9207
7619 8725
7622 9272
7622 9972
7623 8561
7628 7813
7628 8056
7630 8189
7630 9042
7632 8610
7635 8786
7637 8438
7639 8642
7641 8866
7642 8656
7644 8760
7646 8044
7649 9005
7651 7877
7652 8175
7653 8688
7655 8354
7655 9135
7656 7876
7658 8450
7658 9882
7662 8082
7662 9708
7664 8462
7667 9489
7671 8083
7674 8829
7680 8092
7682 7719
7685 8794
7688 8574
7691 8402
7693 9847
7702 8416
7703 9259
7704 9669
7709 8433
7710 9280
7719 8571
7728 9649
7728 9653
7731 7795
7734 8349
7735 8422
7738 9818
7743 8316
7744 9024
7748 8095
7749 8592
7750 8448
7753 7887
7753 8461
7753 9173
7755 8018
7758 8547
7760 9293
7762 8442
7762 9907
7763 8548
7766 9354
7768 8912
7769 8446
7771 9227
7777 9205
7782 7975
7788 9153
7790 9758
7790 9821
7791 8836
7792 9069
7793 9080
7800 8484
7802 9732
7806 8744
7809 8865
7809 9052
7811 9231
7811 9414
7816 8927
7823 8906
7824 8328
7827 9066
7827 9952
7835 8630
7841 9448
7842 9522
7846 9361
7847 8034
7849 8081
7849 8888
7849 9885
7851 8103
7853 7860
7856 9452
7857 9011
7858 8191
7860 8227
7868 8758
7874 8555
7875 9322
7880 9394
7882 8428
7883 8062
7884 8563
7886 9611
7888 8165
7890 9417
7891 9592
7895 8077
7896 9973
7900 9592
7904 9507
7905 9661
7908 9478
7913 9561
7914 9229
7916 8250
7920 9674
7921 8944
7922 8071
7929 8791
7935 9501
7939 8842
7940 9435
7941 8990
7942 8806
7944 9503
7947 9555
7948 9594
7956 8391
7960 9693
7960 9860
7969 8013
7969 8306
7975 9489
7977 9526
7978 9366
7981 9003
7981 9852
7982 9204
7982 9507
7984 8280
7986 8048
7987 8130
7988 9079
7989 9920
7996 9859
7997 8549
7999 9568
8001 9593
8001 9903
8006 8496
8008 9483
8009 9111
8010 8405
8015 8240
8015 9281
8017 8232
8020 9963
8023 8182
8024 8699
8026 10000
8027 9056
8029 8677
8031 9512
8036 8876
8037 8182
8045 9140
8047 9006
8048 8740
8052 8563
8054 9175
8060 9293
8061 9054
8063 9377
8070 8232
8070 8256
8076 8386
8077 8848
8078 9368
8084 9075
8085 8643
8088 9155
8092 9739
8099 9956
8100 9198
8108 9809
8114 9557
8115 8475
8117 8689
8124 8459
8125 8485
8127 9296
8131 9791
8135 9262
8141 9025
8143 9474
8146 8496
8148 8735
8153 8790
8156 9129
8158 8593
8159 9978
8160 8396
8163 9485
8167 9924
8169 9588
8170 8370
8176 8556
8176 9564
8179 9015
8184 9696
8185 9871
8186 8261
8187 9447
8190 8694
8197 9251
8199 8760
8202 8967
8202 9585
8203 8501
8207 9628
8213 9015
8214 8605
8217 8661
8219 9575
8222 8308
8223 8473
8224 8896
8224 9950
8230 9525
8231 8822
8234 9246
8237 9576
8240 9855
8249 8918
8250 9477
8252 8998
8259 9561
8261 9234
8261 9389
8262 8961
8262 8976
8264 8784
8271 9701
8274 8804
8277 8777
8278 9974
8279 9131
8279 9475
8281 9456
8282 8666
8283 9671
8285 8842
8286 8930
8289 8490
8293 9840
8299 9470
8300 8321
8301 9317
8304 9610
8305 8725
8308 8461
8313 8730
8321 8395
8323 9743
8324 8338
8326 9529
8331 8391
8331 8478
8336 9965
8340 9643
8341 9746
8344 9304
8345 9239
8352 8867
8354 8658
8356 9143
8363 9213
8365 9170
8367 8795
8367 9536
8369 9666
8373 9199
8382 9904
8385 9023
8385 9297
8386 9440
8388 8941
8389 9446
8397 9397
8397 9409
8399 9827
8400 9217
8400 9612
8417 8500
8423 9390
8430 8523
8432 9552
8436 9597
8437 9037
8443 9283
8454 8525
8460 8677
8461 8702
8467 8900
8472 9635
8475 9542
8475 9679
8475 9722
8482 9782
8494 9641
8497 9429
8499 9697
8500 9249
8503 9589
8509 8903
8512 9352
8520 9718
8523 9272
8529 8637
8532 8927
8533 9965
8534 9547
8536 8680
8537 9759
8541 8634
8547 8973
8549 9238
8552 9724
8553 9419
8555 8754
8562 9119
8566 8667
8567 9013
8569 9738
8570 9171
8571 9111
8574 8641
8574 9773
8578 9847
8580 9922
8585 9823
8588 9497
8590 9312
8593 8675
8594 8620
8595 9236
8598 8739
8606 8790
8616 9134
8619 8638
8622 8940
8622 9326
8627 9523
8629 9692
8638 9734
8640 9525
8648 8727
8650 8931
8652 8753
8655 9845
8664 9155
8670 8680
8671 9874
8677 9619
8682 9930
8685 8982
8688 9866
8697 9265
8700 9126
8705 9472
8707 9290
8707 9453
8714 9059
8715 8858
8717 9703
8718 9656
8731 8895
8738 8741
8739 9496
8741 9876
8743 9625
8747 9515
8772 9583
8773 9413
8776 9667
8779 8850
8781 9558
8785 9916
8787 9808
8788 9188
8791 9499
8793 8990
8810 9096
8817 9136
8820 9095
8826 9492
8827 9870
8836 9102
8839 9119
8849 9736
8854 9217
8857 9513
8867 9070
8869 9154
8871 9078
8871 9935
8873 9715
8877 9388
8880 9699
8884 9652
8887 9341
8891 9008
8893 9893
8898 9063
8899 9498
8906 9286
8906 9323
8907 9225
8919 9113
8923 8924
8933 9000
8940 9762
8948 9902
8963 9471
8964 9942
8966 9976
8971 9380
8975 9508
8986 9351
8991 9627
9006 9806
9009 9252
9014 9821
9016 9886
9020 9368
9028 9157
9031 9954
9034 9811
9037 9255
9039 9972
9048 9560
9052 9365
9059 9248
9059 9537
9067 9192
9074 9768
9082 9829
9093 9803
9094 9614
9101 9302
9106 9464
9110 9770
9113 9401
9128 9943
9132 9189
9132 9636
9137 9760
9138 9622
9142 9710
9147 9270
9151 9157
9154 9577
9159 9164
9160 9647
9168 9777
9182 9954
9188 9834
9190 9908
9192 9866
9210 9975
9230 9370
9232 9940
9236 9436
9242 9973
9245 9542
9256 9459
9264 9940
9271 9958
9274 9857
9298 9439
9300 9514
9302 9407
9303 9839
9304 9969
9308 9499
9314 9706
9322 9702
9335 9795
9337 9534
9355 9609
9364 9514
9367 9756
9382 9513
9390 9437
9392 9564
9397 9878
9415 9582
9425 9446
9458 9619
9462 9795
9467 9993
9480 9553
9484 9616
9490 9837
9494 9907
9510 9752
9514 9868
9516 9675
9519 9902
9529 9546
9535 9779
9538 9834
9538 9912
9543 9708
9571 9794
9579 9605
9619 9900
9645 9656
9657 9904
9659 9742
9662 9756
9693 9805
9696 9804
9729 9781
9768 9910
9775 9964
9833 9986
9840 9959
9856 9896
9887 10000
