0 0 0
4 2 1
5 4 3
6 1 6
8 -2 4
9 -4 5
14 -5 4
15 -3 7
23 0 6
24 3 4
27 3 1
31 4 2
36 2 -1
41 1 0
49 0 -2
51 0 0
52 -3 3
54 -2 1
55 1 -2
56 1 -2
60 2 -1
65 -1 2
67 1 -1
70 4 -1
71 5 0
72 4 1
76 4 4
79 2 3
85 1 6
90 0 9
91 0 12
93 0 15
99 3 13
100 3 14
103 4 16
107 4 19
108 3 17
115 3 14
117 6 12
118 9 10
121 7 12
122 4 15
128 3 17
135 3 16
144 4 14
145 7 11
147 6 13
148 3 10
149 3 11
150 5 11
154 2 9
158 0 9
159 -3 12
160 -1 10
163 2 9
165 4 10
168 3 12
170 4 9
174 7 12
177 10 12
178 13 12
181 11 13
185 13 11
186 14 13
188 15 16
194 17 18
198 15 16
199 12 18
201 13 19
202 10 19
203 11 17
206 8 18
211 8 16
216 8 16
220 6 15
221 4 13
222 1 11
223 -1 11
225 -1 10
229 0 8
235 -3 9
236 -5 7
242 -2 9
245 0 12
250 -3 9
257 -2 7
260 -3 7
263 -6 8
267 -6 6
269 -3 9
273 -6 12
274 -8 15
277 -10 17
278 -9 19
279 -11 16
281 -11 14
284 -10 14
285 -10 14
292 -12 11
294 -13 9
297 -11 9
298 -9 6
